4.682787e-01	2.988677e-01	3.934847e-01	1.982327e-01	3.352281e-01	3.121496e-01	3.513301e-01	4.594199e-01	3.576097e-01	2.707913e-01	5.365538e-01	3.242578e-01	3.654666e-01	2.848995e-01	3.833492e-01	3.506506e-01	2.872586e-01	3.101754e-01	4.663587e-01	3.382586e-01	3.403083e-01	4.432573e-01	2.486777e-01	3.389856e-01	3.202158e-01	3.588918e-01	2.556600e-01	2.072015e-01	2.875855e-01	3.180648e-01	3.375133e-01	3.048041e-01	3.430569e-01	3.210034e-01	4.301465e-01	4.350181e-01	2.802577e-01	3.343316e-01	3.852966e-01	3.072691e-01	3.879892e-01	3.790146e-01	3.299335e-01	3.489956e-01	3.400110e-01	3.971834e-01	3.269034e-01	3.051554e-01	3.199012e-01	4.466480e-01	4.321094e-01	4.926304e-01	3.215016e-01	3.140575e-01	2.990104e-01	3.276917e-01	4.185848e-01	3.046261e-01	2.670541e-01	3.291942e-01	3.651776e-01	2.922567e-01	3.312067e-01	3.287686e-01	3.038985e-01	3.069185e-01	3.141696e-01	4.736726e-01	3.408417e-01	3.010013e-01	3.784238e-01	4.041578e-01	3.019105e-01	5.254052e-01	2.978402e-01	2.556416e-01	3.041019e-01	3.283272e-01	2.413193e-01	2.864467e-01	5.521378e-01	4.906543e-01	3.214102e-01	3.685461e-01	3.226591e-01	3.194641e-01	3.009697e-01	2.780445e-01	3.627888e-01	4.017848e-01	3.386494e-01	3.516817e-01	3.679906e-01	3.112337e-01	3.424768e-01	2.761017e-01	3.715058e-01	3.594800e-01	3.614660e-01	2.014662e-01	1.745085e-01	3.073267e-01	4.157151e-01	3.246428e-01	3.268032e-01	2.748302e-01	2.753390e-01	3.609096e-01	3.727174e-01	4.002442e-01	3.030989e-01	3.231269e-01	2.752077e-01	3.987015e-01	2.847713e-01	3.793796e-01	3.084876e-01	3.993752e-01	3.866330e-01	3.872996e-01	4.474745e-01	6.138758e-02	1.313210e-01	3.828590e-01	3.697731e-01	1.215228e-01	5.396437e-02	1.580390e-01	2.511165e-01	1.877290e-01	9.831848e-02	1.220086e-01	1.443502e-01	1.373828e-01	
2.988677e-01	5.123693e-01	3.774132e-01	2.288914e-01	3.352138e-01	2.860660e-01	3.695337e-01	4.218428e-01	3.849646e-01	3.059741e-01	4.904140e-01	3.369299e-01	3.748460e-01	2.951357e-01	3.484266e-01	3.782906e-01	3.210262e-01	3.507647e-01	4.233704e-01	3.587067e-01	3.491842e-01	4.034685e-01	2.857004e-01	3.376621e-01	3.519037e-01	3.287983e-01	2.994290e-01	2.527308e-01	3.060057e-01	3.280885e-01	3.833604e-01	3.307701e-01	3.502392e-01	3.020501e-01	4.143742e-01	3.986998e-01	3.143685e-01	3.405062e-01	3.545887e-01	3.009643e-01	3.741392e-01	3.552131e-01	3.336986e-01	3.852499e-01	3.479668e-01	4.057712e-01	3.457029e-01	3.251941e-01	3.495338e-01	3.985765e-01	3.914633e-01	4.288638e-01	3.451087e-01	3.277568e-01	3.030350e-01	3.459602e-01	3.794150e-01	3.426034e-01	2.933662e-01	3.596509e-01	3.381159e-01	3.160073e-01	3.506893e-01	3.549813e-01	3.225658e-01	2.980299e-01	2.994435e-01	4.209557e-01	3.493067e-01	3.085271e-01	3.757681e-01	3.765880e-01	2.961483e-01	4.800420e-01	3.265669e-01	2.802079e-01	3.452397e-01	3.260537e-01	2.666899e-01	3.280130e-01	4.996027e-01	4.376339e-01	3.500594e-01	3.943720e-01	3.421999e-01	3.409146e-01	3.342280e-01	3.109000e-01	3.757333e-01	3.823939e-01	3.415930e-01	3.746930e-01	3.228448e-01	3.560015e-01	3.401275e-01	3.021766e-01	3.332381e-01	3.487635e-01	3.733750e-01	2.186140e-01	1.761586e-01	3.146491e-01	3.879284e-01	3.035660e-01	3.418588e-01	3.199045e-01	2.858883e-01	3.538802e-01	3.763939e-01	3.976223e-01	3.132225e-01	2.917173e-01	3.125151e-01	3.773947e-01	3.054497e-01	3.888815e-01	3.241305e-01	4.272767e-01	4.240080e-01	4.029663e-01	4.017579e-01	8.095594e-02	1.364732e-01	3.530511e-01	3.926716e-01	1.352434e-01	6.023463e-02	1.629655e-01	2.530647e-01	2.202899e-01	1.234423e-01	1.452206e-01	1.807300e-01	1.561837e-01	
3.934847e-01	3.774132e-01	7.690005e-01	2.687950e-01	4.908545e-01	4.905463e-01	4.955329e-01	6.556996e-01	4.895709e-01	3.550193e-01	7.904704e-01	4.515445e-01	5.097835e-01	3.879896e-01	5.796051e-01	4.593566e-01	3.883098e-01	4.240591e-01	6.851908e-01	4.785296e-01	5.051623e-01	6.393614e-01	3.419178e-01	5.212070e-01	4.326649e-01	5.417516e-01	3.145525e-01	2.562887e-01	4.172821e-01	4.505332e-01	4.646289e-01	4.040154e-01	4.665834e-01	4.543372e-01	6.410954e-01	6.243493e-01	3.803164e-01	4.953643e-01	5.356440e-01	4.528343e-01	5.919697e-01	5.791444e-01	4.665229e-01	4.796886e-01	4.984397e-01	5.623284e-01	4.791021e-01	4.091435e-01	4.535598e-01	6.686985e-01	6.448923e-01	7.086744e-01	4.295181e-01	4.308940e-01	4.185700e-01	4.495064e-01	6.321292e-01	3.982241e-01	3.664186e-01	4.620750e-01	5.402764e-01	3.927140e-01	4.651936e-01	4.303220e-01	4.249107e-01	4.381792e-01	4.589050e-01	6.951350e-01	4.887524e-01	4.343097e-01	5.841961e-01	6.069234e-01	4.339806e-01	7.988390e-01	4.083451e-01	3.401767e-01	4.165053e-01	4.471634e-01	3.036660e-01	4.036713e-01	8.167185e-01	7.561600e-01	4.688595e-01	5.302015e-01	4.316137e-01	4.186508e-01	4.131076e-01	3.548169e-01	5.313098e-01	5.841570e-01	5.059378e-01	4.850401e-01	5.417626e-01	4.165796e-01	4.971892e-01	3.987129e-01	5.511524e-01	5.431501e-01	4.622644e-01	2.839114e-01	2.481057e-01	4.263126e-01	6.469925e-01	5.019722e-01	4.666899e-01	3.966611e-01	3.821108e-01	5.173172e-01	5.116152e-01	5.963142e-01	4.237595e-01	4.837315e-01	3.758114e-01	5.971194e-01	4.054683e-01	5.165240e-01	4.111954e-01	5.507904e-01	5.220718e-01	5.270151e-01	6.584799e-01	8.338123e-02	1.382558e-01	5.629592e-01	5.724044e-01	1.708750e-01	6.618240e-02	2.099068e-01	3.647740e-01	2.460876e-01	1.350331e-01	1.731633e-01	1.942865e-01	1.590270e-01	
1.982327e-01	2.288914e-01	2.687950e-01	3.417566e-01	2.434986e-01	2.213537e-01	2.586279e-01	2.984102e-01	2.730058e-01	1.920236e-01	3.600235e-01	2.480782e-01	2.747806e-01	2.208816e-01	2.524394e-01	2.556665e-01	2.067108e-01	2.544764e-01	2.877450e-01	2.387022e-01	2.623034e-01	2.899972e-01	1.829190e-01	2.324470e-01	2.341859e-01	2.470337e-01	1.918944e-01	1.490594e-01	2.321498e-01	2.232092e-01	2.561583e-01	2.160568e-01	2.555775e-01	2.256817e-01	2.831417e-01	2.928572e-01	2.114070e-01	2.194658e-01	2.514033e-01	2.233185e-01	2.553933e-01	2.556728e-01	2.428684e-01	2.712389e-01	2.395134e-01	2.895399e-01	2.537836e-01	2.344439e-01	2.340660e-01	2.913335e-01	2.814144e-01	3.090152e-01	2.561359e-01	2.315572e-01	2.167667e-01	2.360866e-01	2.785930e-01	2.213848e-01	2.014441e-01	2.547085e-01	2.586748e-01	2.197246e-01	2.568151e-01	2.499573e-01	2.436436e-01	2.058521e-01	2.220607e-01	2.895573e-01	2.384405e-01	2.207013e-01	2.631838e-01	2.603047e-01	2.201334e-01	3.508687e-01	2.460692e-01	1.974008e-01	2.540541e-01	2.406684e-01	1.650428e-01	2.340054e-01	3.516275e-01	3.194672e-01	2.430679e-01	2.868842e-01	2.428712e-01	2.447921e-01	2.139906e-01	2.052269e-01	2.662749e-01	2.946453e-01	2.433429e-01	2.425075e-01	2.422596e-01	2.570113e-01	2.556933e-01	2.108277e-01	2.309422e-01	2.636329e-01	2.599067e-01	1.475372e-01	1.312051e-01	2.330809e-01	2.837081e-01	2.126833e-01	2.321328e-01	2.152658e-01	2.086110e-01	2.629515e-01	2.706089e-01	2.889376e-01	2.176938e-01	2.188057e-01	2.088888e-01	2.729417e-01	2.204736e-01	2.732323e-01	2.223503e-01	2.902883e-01	2.780170e-01	2.883959e-01	2.747558e-01	5.219522e-02	9.851408e-02	2.558536e-01	2.841401e-01	9.046301e-02	5.416257e-02	1.257689e-01	1.700371e-01	1.356824e-01	9.406450e-02	1.045926e-01	1.250270e-01	1.082844e-01	
3.352281e-01	3.352138e-01	4.908545e-01	2.434986e-01	7.436701e-01	5.075877e-01	5.648663e-01	5.848078e-01	4.512211e-01	3.669339e-01	7.225644e-01	4.342883e-01	4.556310e-01	4.064318e-01	4.826085e-01	4.087649e-01	3.305494e-01	4.577802e-01	6.076149e-01	4.126404e-01	4.747241e-01	5.732270e-01	2.924290e-01	4.408218e-01	3.862544e-01	4.615445e-01	2.893911e-01	2.207608e-01	4.237970e-01	3.907558e-01	4.101848e-01	3.302609e-01	4.127351e-01	3.950311e-01	5.574575e-01	5.929565e-01	2.925338e-01	4.234013e-01	4.496399e-01	3.865485e-01	4.850311e-01	5.016065e-01	4.901149e-01	4.737944e-01	5.113578e-01	6.140332e-01	5.273413e-01	3.884847e-01	4.221348e-01	5.593233e-01	5.184264e-01	6.416270e-01	4.800614e-01	4.000885e-01	3.854194e-01	3.912606e-01	5.562958e-01	3.440758e-01	3.725327e-01	3.859341e-01	4.798622e-01	4.141360e-01	4.614281e-01	3.717259e-01	4.480286e-01	3.826994e-01	4.079724e-01	5.890043e-01	4.794845e-01	3.928386e-01	4.911439e-01	5.473407e-01	3.980830e-01	6.899390e-01	4.280853e-01	3.088276e-01	4.211740e-01	4.242559e-01	2.833844e-01	3.954414e-01	7.305895e-01	6.790390e-01	4.502630e-01	5.610532e-01	4.098206e-01	4.294905e-01	3.454374e-01	3.194320e-01	5.395128e-01	6.105546e-01	5.404821e-01	4.206371e-01	4.428183e-01	4.692224e-01	5.475041e-01	4.251149e-01	4.376805e-01	4.394897e-01	4.230560e-01	2.604249e-01	2.422594e-01	4.724198e-01	5.297900e-01	4.054775e-01	4.200702e-01	3.513701e-01	3.654293e-01	4.328865e-01	4.447465e-01	6.449874e-01	4.439021e-01	5.088573e-01	3.205221e-01	4.731436e-01	3.388758e-01	4.599732e-01	4.163533e-01	5.098052e-01	4.509067e-01	4.778143e-01	5.814092e-01	1.014040e-01	1.087015e-01	5.243442e-01	6.297467e-01	1.502405e-01	1.027631e-01	1.856019e-01	3.052419e-01	2.019642e-01	1.359174e-01	1.559352e-01	1.830293e-01	1.613559e-01	
3.121496e-01	2.860660e-01	4.905463e-01	2.213537e-01	5.075877e-01	6.592286e-01	4.922975e-01	5.707510e-01	4.057015e-01	3.229606e-01	7.039097e-01	3.907277e-01	4.304487e-01	3.566338e-01	4.799241e-01	3.563111e-01	2.984830e-01	4.151801e-01	5.938393e-01	3.907106e-01	4.607342e-01	5.556596e-01	2.659553e-01	4.265242e-01	3.663637e-01	4.469751e-01	2.550443e-01	1.983372e-01	3.965841e-01	3.652511e-01	3.819798e-01	3.115238e-01	3.740347e-01	3.728677e-01	5.327854e-01	5.721832e-01	2.776518e-01	3.998101e-01	4.423945e-01	3.744524e-01	4.736575e-01	4.960623e-01	4.435044e-01	4.255005e-01	4.675621e-01	5.508575e-01	4.797656e-01	3.440058e-01	3.737694e-01	5.531069e-01	5.207523e-01	6.287039e-01	4.244453e-01	3.727478e-01	3.629358e-01	3.660989e-01	5.505159e-01	3.117496e-01	3.483086e-01	3.661244e-01	4.719185e-01	3.602852e-01	4.115588e-01	3.410428e-01	4.085268e-01	3.749635e-01	3.999630e-01	5.857788e-01	4.465307e-01	3.620124e-01	4.791645e-01	5.237313e-01	3.795435e-01	6.702012e-01	3.719161e-01	2.786047e-01	3.839418e-01	3.761872e-01	2.388929e-01	3.720794e-01	7.103412e-01	6.716650e-01	4.206643e-01	5.056549e-01	3.728446e-01	3.782993e-01	3.114712e-01	2.735492e-01	4.894386e-01	5.679220e-01	5.030416e-01	3.746980e-01	4.509343e-01	4.089378e-01	5.084581e-01	3.945921e-01	4.289367e-01	4.328655e-01	3.753770e-01	2.475293e-01	2.277829e-01	4.303326e-01	5.248276e-01	4.061139e-01	3.770140e-01	3.377558e-01	3.263145e-01	4.229951e-01	4.077168e-01	5.817199e-01	3.965523e-01	5.117198e-01	2.913590e-01	4.618426e-01	3.289330e-01	4.139607e-01	3.948068e-01	4.581253e-01	4.105069e-01	4.448651e-01	5.720973e-01	9.413936e-02	1.068322e-01	4.861173e-01	5.626206e-01	1.352852e-01	1.079365e-01	1.814635e-01	3.027534e-01	1.918876e-01	1.379713e-01	1.551724e-01	1.634099e-01	1.544813e-01	
3.513301e-01	3.695337e-01	4.955329e-01	2.586279e-01	5.648663e-01	4.922975e-01	7.621084e-01	6.058306e-01	4.832652e-01	3.964371e-01	7.196082e-01	4.583525e-01	5.038305e-01	4.242234e-01	4.947987e-01	4.430861e-01	3.617835e-01	4.904347e-01	5.948701e-01	4.247589e-01	5.040281e-01	5.782630e-01	3.142828e-01	4.553614e-01	4.298410e-01	4.713004e-01	3.184648e-01	2.321595e-01	4.578537e-01	4.121048e-01	4.521559e-01	3.402066e-01	4.580128e-01	4.099636e-01	5.739209e-01	6.040146e-01	3.385795e-01	4.342483e-01	4.859106e-01	4.104026e-01	5.043374e-01	5.247143e-01	5.181510e-01	5.058938e-01	5.278906e-01	6.381818e-01	5.518883e-01	4.111102e-01	4.603844e-01	5.773341e-01	5.508531e-01	6.491167e-01	5.021789e-01	4.434084e-01	4.260109e-01	4.279906e-01	5.594885e-01	3.844137e-01	4.009904e-01	4.401001e-01	5.033037e-01	4.379782e-01	4.957636e-01	3.977039e-01	4.820398e-01	4.001394e-01	4.229842e-01	6.016769e-01	5.217184e-01	4.473182e-01	5.065013e-01	5.450896e-01	4.108407e-01	7.006152e-01	4.683025e-01	3.096620e-01	4.695608e-01	4.600903e-01	2.814769e-01	4.432572e-01	7.354724e-01	6.705789e-01	4.810428e-01	5.878255e-01	4.463631e-01	4.669412e-01	3.628954e-01	3.303245e-01	5.475990e-01	6.304470e-01	5.471326e-01	4.452321e-01	4.660619e-01	5.179664e-01	5.508556e-01	4.546574e-01	4.445486e-01	4.719837e-01	4.543613e-01	2.672840e-01	2.681779e-01	4.880138e-01	5.420839e-01	4.023903e-01	4.581343e-01	3.904108e-01	3.787499e-01	4.672358e-01	4.820169e-01	6.409798e-01	4.680755e-01	5.037822e-01	3.493226e-01	4.901047e-01	3.887111e-01	4.991890e-01	4.522160e-01	5.524120e-01	4.875793e-01	5.200104e-01	5.822836e-01	1.099662e-01	1.285365e-01	5.368388e-01	6.366196e-01	1.603857e-01	9.766552e-02	1.851356e-01	3.255526e-01	2.182711e-01	1.530475e-01	1.549379e-01	2.051925e-01	1.611357e-01	
4.594199e-01	4.218428e-01	6.556996e-01	2.984102e-01	5.848078e-01	5.707510e-01	6.058306e-01	9.384511e-01	5.235665e-01	4.144886e-01	9.436945e-01	4.894984e-01	5.460744e-01	4.168384e-01	6.276077e-01	4.835772e-01	4.459132e-01	4.787263e-01	7.919828e-01	5.200378e-01	5.448115e-01	7.454903e-01	3.812744e-01	5.627272e-01	4.827062e-01	5.868672e-01	3.537280e-01	2.778141e-01	4.721929e-01	4.915851e-01	4.925428e-01	4.472637e-01	4.877652e-01	4.915868e-01	7.147475e-01	7.419861e-01	4.114161e-01	5.280919e-01	5.954337e-01	4.716644e-01	6.368996e-01	6.239104e-01	5.260711e-01	5.166733e-01	5.627709e-01	6.421803e-01	5.566167e-01	4.391530e-01	4.834453e-01	7.304585e-01	7.014400e-01	8.588945e-01	5.025242e-01	4.666122e-01	4.415243e-01	4.827546e-01	7.453707e-01	4.388387e-01	4.139588e-01	4.990442e-01	6.051359e-01	4.322500e-01	4.989653e-01	4.468346e-01	4.696314e-01	4.814759e-01	4.982430e-01	8.149709e-01	5.582310e-01	4.378682e-01	6.262744e-01	6.920710e-01	4.871013e-01	8.833447e-01	4.407843e-01	3.894752e-01	4.797033e-01	4.872535e-01	3.413568e-01	4.474429e-01	9.456855e-01	8.784721e-01	5.141178e-01	6.278576e-01	4.779886e-01	4.906770e-01	4.371398e-01	3.867388e-01	6.217385e-01	6.729823e-01	6.121349e-01	5.169895e-01	5.925286e-01	4.671744e-01	5.964473e-01	4.427704e-01	6.010875e-01	5.806174e-01	5.298282e-01	3.127705e-01	2.758119e-01	4.882023e-01	6.973423e-01	5.465063e-01	5.049976e-01	4.050000e-01	4.166447e-01	5.453352e-01	5.377819e-01	7.045067e-01	4.664579e-01	5.876379e-01	3.986431e-01	6.408587e-01	4.106185e-01	5.479844e-01	4.728636e-01	6.078608e-01	5.613994e-01	5.700423e-01	7.643526e-01	1.078825e-01	1.608655e-01	6.422389e-01	6.774484e-01	1.943065e-01	1.091573e-01	2.488866e-01	4.146064e-01	2.679888e-01	1.674148e-01	1.912603e-01	2.126515e-01	1.914385e-01	
3.576097e-01	3.849646e-01	4.895709e-01	2.730058e-01	4.512211e-01	4.057015e-01	4.832652e-01	5.235665e-01	8.089210e-01	3.939198e-01	5.987512e-01	5.575623e-01	5.820901e-01	5.325318e-01	5.213758e-01	5.180307e-01	3.426858e-01	5.927108e-01	5.234819e-01	4.791532e-01	6.106791e-01	5.155721e-01	2.904432e-01	5.187574e-01	4.538035e-01	5.193331e-01	2.938096e-01	2.232760e-01	5.162187e-01	4.498214e-01	5.055384e-01	3.573968e-01	5.501677e-01	4.965764e-01	5.392864e-01	4.990776e-01	3.282908e-01	5.093498e-01	5.318252e-01	4.980898e-01	5.221155e-01	5.032062e-01	5.357775e-01	6.423074e-01	5.293208e-01	5.718724e-01	4.658452e-01	5.243853e-01	5.447510e-01	6.238261e-01	5.571981e-01	5.382726e-01	5.722904e-01	5.550044e-01	5.667422e-01	5.572652e-01	4.616158e-01	4.460671e-01	4.605209e-01	4.850682e-01	4.821695e-01	5.393606e-01	6.072403e-01	5.497312e-01	5.787967e-01	4.669923e-01	4.977843e-01	5.117392e-01	5.693693e-01	5.322131e-01	5.257793e-01	5.134736e-01	4.237165e-01	6.719192e-01	5.798564e-01	2.860423e-01	5.769046e-01	5.500541e-01	2.407014e-01	5.154798e-01	6.309060e-01	5.608006e-01	6.107128e-01	5.516393e-01	5.536573e-01	5.351551e-01	4.232201e-01	3.004438e-01	4.921105e-01	5.397698e-01	4.610112e-01	4.776418e-01	4.741013e-01	6.267487e-01	4.500323e-01	5.247030e-01	4.378671e-01	4.830068e-01	4.594360e-01	3.084467e-01	3.054069e-01	5.580505e-01	5.542624e-01	4.256990e-01	5.365617e-01	5.043795e-01	4.605597e-01	5.878475e-01	5.970024e-01	5.511368e-01	5.152806e-01	3.585081e-01	3.854030e-01	5.431109e-01	5.227941e-01	5.943706e-01	5.427946e-01	6.258812e-01	5.692642e-01	6.416104e-01	4.812631e-01	6.045657e-02	1.634897e-01	5.191915e-01	5.329797e-01	1.469981e-01	3.266391e-02	1.932308e-01	3.201356e-01	2.710368e-01	1.747372e-01	1.820620e-01	2.113456e-01	1.909953e-01	
2.707913e-01	3.059741e-01	3.550193e-01	1.920236e-01	3.669339e-01	3.229606e-01	3.964371e-01	4.144886e-01	3.939198e-01	5.148950e-01	4.948275e-01	3.737398e-01	3.764622e-01	3.240628e-01	3.616331e-01	3.652836e-01	2.953533e-01	3.815707e-01	4.295214e-01	3.361447e-01	4.002065e-01	4.059519e-01	2.658622e-01	3.354148e-01	3.491478e-01	3.428861e-01	2.582687e-01	2.147952e-01	3.322700e-01	3.378164e-01	3.625879e-01	3.008970e-01	3.485689e-01	3.119017e-01	4.029365e-01	4.035810e-01	2.876515e-01	3.427936e-01	3.699835e-01	3.225468e-01	3.523276e-01	3.576973e-01	3.659494e-01	4.182861e-01	3.562181e-01	4.149617e-01	3.722411e-01	3.349054e-01	3.555607e-01	4.171099e-01	3.951101e-01	4.357265e-01	4.012488e-01	3.535473e-01	3.341134e-01	3.414626e-01	3.626986e-01	3.264807e-01	3.091381e-01	3.533358e-01	3.432265e-01	3.615827e-01	3.825081e-01	3.495117e-01	3.490400e-01	3.047633e-01	3.198165e-01	4.060364e-01	3.966135e-01	3.456215e-01	3.815146e-01	3.837858e-01	3.263191e-01	4.930870e-01	3.852588e-01	2.706263e-01	3.818109e-01	3.618279e-01	2.337707e-01	3.343996e-01	4.961501e-01	4.510575e-01	3.737791e-01	3.999175e-01	3.594504e-01	3.605580e-01	3.013783e-01	2.759800e-01	3.591561e-01	4.181622e-01	3.788891e-01	3.614308e-01	3.360162e-01	3.790747e-01	3.545170e-01	3.421442e-01	3.187510e-01	3.405665e-01	3.426977e-01	2.240738e-01	2.033629e-01	3.720433e-01	3.842957e-01	2.855074e-01	3.454115e-01	3.220832e-01	3.032054e-01	3.590299e-01	3.876621e-01	4.200899e-01	3.521020e-01	3.212875e-01	2.912383e-01	3.575189e-01	3.124720e-01	3.948137e-01	3.548969e-01	4.281034e-01	3.965847e-01	4.168314e-01	4.045443e-01	5.836884e-02	9.888914e-02	3.696736e-01	4.275297e-01	1.126025e-01	4.407988e-02	1.458896e-01	2.214197e-01	1.787178e-01	1.021187e-01	1.439643e-01	1.654757e-01	1.204813e-01	
5.365538e-01	4.904140e-01	7.904704e-01	3.600235e-01	7.225644e-01	7.039097e-01	7.196082e-01	9.436945e-01	5.987512e-01	4.948275e-01	1.365039e+00	5.801859e-01	6.619543e-01	4.748144e-01	7.774268e-01	5.482501e-01	5.355814e-01	5.398909e-01	9.944629e-01	6.041990e-01	6.644356e-01	9.086050e-01	4.535574e-01	6.697934e-01	5.801265e-01	7.239905e-01	4.245641e-01	3.251665e-01	5.555897e-01	5.949357e-01	5.880658e-01	5.292920e-01	5.776875e-01	5.846536e-01	8.723346e-01	9.412213e-01	4.796157e-01	6.378972e-01	7.434638e-01	5.820466e-01	8.173387e-01	7.888782e-01	6.251925e-01	6.030031e-01	6.895089e-01	7.762510e-01	6.758797e-01	5.174453e-01	5.560070e-01	9.170612e-01	9.009958e-01	1.063938e+00	5.827833e-01	5.454555e-01	5.362780e-01	5.725879e-01	9.244191e-01	5.090670e-01	4.780419e-01	5.726198e-01	7.662542e-01	5.009771e-01	5.881296e-01	5.171928e-01	5.562882e-01	5.961224e-01	6.162915e-01	1.006283e+00	6.533764e-01	4.982338e-01	7.902433e-01	8.682217e-01	6.065945e-01	1.115321e+00	5.039360e-01	4.556561e-01	5.453761e-01	5.628964e-01	3.965372e-01	5.143342e-01	1.168472e+00	1.110606e+00	5.869694e-01	7.724044e-01	5.576887e-01	5.812373e-01	5.084758e-01	4.716737e-01	7.471636e-01	8.437555e-01	7.514039e-01	6.110090e-01	7.527431e-01	5.371587e-01	7.411040e-01	5.302372e-01	7.658768e-01	7.186886e-01	6.103574e-01	3.606266e-01	3.162275e-01	5.811111e-01	8.575546e-01	6.654800e-01	5.893916e-01	4.867868e-01	4.927623e-01	6.725465e-01	6.455638e-01	8.743306e-01	5.666194e-01	7.277381e-01	4.736421e-01	7.922739e-01	4.822064e-01	6.540218e-01	5.609976e-01	7.141261e-01	6.479875e-01	6.553937e-01	9.666103e-01	1.016725e-01	1.641681e-01	8.058113e-01	8.294605e-01	2.215352e-01	1.116805e-01	2.969691e-01	5.023296e-01	3.309470e-01	1.750808e-01	2.340750e-01	2.369881e-01	2.251991e-01	
3.242578e-01	3.369299e-01	4.515445e-01	2.480782e-01	4.342883e-01	3.907277e-01	4.583525e-01	4.894984e-01	5.575623e-01	3.737398e-01	5.801859e-01	6.752423e-01	5.251716e-01	4.886062e-01	4.747546e-01	4.330696e-01	3.085892e-01	5.376226e-01	5.020367e-01	4.368446e-01	5.525490e-01	4.830333e-01	2.612810e-01	4.605727e-01	4.211384e-01	4.721033e-01	2.515371e-01	2.069352e-01	4.764621e-01	4.184650e-01	4.566360e-01	3.260775e-01	4.798786e-01	4.503954e-01	5.030736e-01	4.551719e-01	2.880195e-01	4.573008e-01	4.745410e-01	4.405543e-01	4.515969e-01	4.622057e-01	5.050502e-01	5.684871e-01	4.822566e-01	5.348980e-01	4.486724e-01	4.418446e-01	4.837723e-01	5.660753e-01	5.203677e-01	5.028777e-01	5.284544e-01	4.920389e-01	5.031552e-01	4.934764e-01	4.346186e-01	3.908517e-01	4.092142e-01	4.218197e-01	4.526945e-01	4.872686e-01	5.525147e-01	4.670922e-01	5.109079e-01	4.306444e-01	4.502300e-01	4.785597e-01	5.286965e-01	4.787923e-01	4.841751e-01	4.818262e-01	3.855023e-01	6.330302e-01	5.235776e-01	2.616341e-01	5.353124e-01	5.122421e-01	2.194391e-01	4.460061e-01	5.987891e-01	5.362927e-01	5.262128e-01	4.889514e-01	4.905042e-01	4.805117e-01	3.631370e-01	2.773496e-01	4.470645e-01	5.164188e-01	4.466944e-01	4.243310e-01	4.347379e-01	5.665151e-01	4.175668e-01	4.897040e-01	4.094445e-01	4.466357e-01	4.146822e-01	2.732853e-01	2.575542e-01	5.145568e-01	5.002212e-01	3.914780e-01	4.666684e-01	4.378486e-01	4.198777e-01	5.197719e-01	5.193560e-01	5.243266e-01	4.722592e-01	3.566096e-01	3.419754e-01	4.870434e-01	4.381118e-01	5.205583e-01	4.803523e-01	5.355913e-01	4.989981e-01	5.646202e-01	4.625299e-01	7.384866e-02	1.604891e-01	4.800578e-01	5.001324e-01	1.438118e-01	5.140177e-02	1.713620e-01	2.989130e-01	2.506407e-01	1.827498e-01	1.640551e-01	2.019543e-01	1.779281e-01	
3.654666e-01	3.748460e-01	5.097835e-01	2.747806e-01	4.556310e-01	4.304487e-01	5.038305e-01	5.460744e-01	5.820901e-01	3.764622e-01	6.619543e-01	5.251716e-01	7.433715e-01	4.891358e-01	5.428692e-01	4.847461e-01	3.507003e-01	5.436338e-01	5.386086e-01	4.598572e-01	5.792740e-01	5.375023e-01	2.994559e-01	5.112919e-01	4.493257e-01	5.142028e-01	3.089267e-01	2.285346e-01	4.969138e-01	4.517881e-01	5.026228e-01	3.547614e-01	5.096161e-01	4.843902e-01	5.571023e-01	5.318179e-01	3.223186e-01	4.907151e-01	5.383401e-01	4.822734e-01	5.200820e-01	5.180389e-01	5.301274e-01	5.819280e-01	5.148002e-01	5.891396e-01	4.873810e-01	4.768539e-01	5.020648e-01	6.426634e-01	5.683339e-01	5.940771e-01	5.357140e-01	5.150006e-01	5.284868e-01	5.206101e-01	4.977969e-01	4.224738e-01	4.280724e-01	4.599886e-01	5.117263e-01	4.982666e-01	5.714843e-01	5.066633e-01	5.348592e-01	4.546669e-01	4.810843e-01	5.571853e-01	5.421744e-01	4.870828e-01	5.415055e-01	5.285766e-01	4.204989e-01	6.950942e-01	5.322102e-01	2.902298e-01	5.442284e-01	5.193333e-01	2.543757e-01	4.788655e-01	6.678068e-01	6.058749e-01	5.409960e-01	5.495723e-01	5.113457e-01	5.044519e-01	4.065752e-01	3.144177e-01	5.129308e-01	5.497483e-01	4.797790e-01	4.652899e-01	4.930930e-01	5.856233e-01	4.761031e-01	4.965696e-01	4.555380e-01	5.112797e-01	4.585788e-01	2.830138e-01	2.723686e-01	5.273794e-01	5.596907e-01	4.381942e-01	4.935847e-01	4.614109e-01	4.354512e-01	5.707357e-01	5.624292e-01	5.600677e-01	4.915625e-01	4.013287e-01	3.681100e-01	5.589610e-01	4.649641e-01	5.546002e-01	4.942916e-01	5.899606e-01	5.381429e-01	5.951730e-01	5.250493e-01	6.195509e-02	1.644631e-01	5.259377e-01	5.402777e-01	1.577408e-01	5.129090e-02	2.010854e-01	3.383520e-01	2.693040e-01	1.631937e-01	1.686307e-01	2.038201e-01	1.862207e-01	
2.848995e-01	2.951357e-01	3.879896e-01	2.208816e-01	4.064318e-01	3.566338e-01	4.242234e-01	4.168384e-01	5.325318e-01	3.240628e-01	4.748144e-01	4.886062e-01	4.891358e-01	6.740586e-01	4.119264e-01	4.160518e-01	2.521514e-01	5.351841e-01	4.199919e-01	3.910314e-01	5.133603e-01	4.008138e-01	2.280165e-01	4.220634e-01	3.664285e-01	4.225483e-01	2.232186e-01	1.861167e-01	4.623472e-01	3.480611e-01	4.108897e-01	2.516622e-01	4.377279e-01	4.220458e-01	4.285341e-01	3.896303e-01	2.508336e-01	3.865263e-01	4.135617e-01	4.261431e-01	3.936111e-01	4.072618e-01	4.952199e-01	5.652672e-01	4.581136e-01	5.130483e-01	4.344453e-01	4.284562e-01	4.497704e-01	4.979049e-01	4.320315e-01	4.219065e-01	4.999916e-01	4.641923e-01	5.068298e-01	4.402440e-01	3.526875e-01	3.520361e-01	3.940917e-01	3.806042e-01	4.186005e-01	4.921983e-01	5.466376e-01	4.278363e-01	5.083247e-01	3.796874e-01	4.028878e-01	3.772688e-01	4.910213e-01	4.555128e-01	4.135606e-01	4.120135e-01	3.403248e-01	5.228486e-01	5.301632e-01	2.311389e-01	5.166272e-01	4.818934e-01	1.888027e-01	4.366906e-01	4.822536e-01	4.412166e-01	5.128337e-01	4.676135e-01	4.866828e-01	4.492714e-01	3.273763e-01	2.475074e-01	4.067422e-01	4.842387e-01	3.917922e-01	3.730462e-01	3.624597e-01	5.693483e-01	4.085809e-01	4.643081e-01	3.229556e-01	3.886081e-01	3.684830e-01	2.460094e-01	2.481922e-01	5.152205e-01	4.316923e-01	3.299731e-01	4.351453e-01	4.024385e-01	4.015433e-01	4.771245e-01	4.830949e-01	4.961278e-01	4.647338e-01	3.188449e-01	3.035160e-01	4.185302e-01	4.136926e-01	4.935353e-01	4.526908e-01	5.032000e-01	4.544113e-01	5.313618e-01	3.774215e-01	8.268760e-02	1.486492e-01	4.315394e-01	4.759049e-01	1.363866e-01	6.320164e-02	1.606790e-01	2.629034e-01	2.155684e-01	1.786765e-01	1.582467e-01	2.039644e-01	1.729347e-01	
3.833492e-01	3.484266e-01	5.796051e-01	2.524394e-01	4.826085e-01	4.799241e-01	4.947987e-01	6.276077e-01	5.213758e-01	3.616331e-01	7.774268e-01	4.747546e-01	5.428692e-01	4.119264e-01	7.712576e-01	4.477011e-01	3.681476e-01	4.548694e-01	6.551468e-01	4.727762e-01	5.441268e-01	6.243377e-01	3.047232e-01	5.446223e-01	4.368983e-01	5.642070e-01	3.000343e-01	2.247337e-01	4.495144e-01	4.469979e-01	4.632613e-01	3.730444e-01	4.722491e-01	4.801807e-01	6.197758e-01	6.143040e-01	3.378979e-01	5.057121e-01	5.785890e-01	4.988713e-01	6.045387e-01	5.847324e-01	4.926939e-01	5.086195e-01	5.301898e-01	5.660683e-01	4.648459e-01	4.253848e-01	4.665733e-01	7.045185e-01	6.596750e-01	6.973912e-01	4.667357e-01	4.572662e-01	4.641379e-01	4.946547e-01	6.102188e-01	3.898454e-01	3.874252e-01	4.518592e-01	5.473035e-01	4.337365e-01	5.098164e-01	4.625554e-01	4.687618e-01	4.716573e-01	4.780338e-01	6.832471e-01	5.221347e-01	4.343688e-01	5.998825e-01	6.182930e-01	4.526201e-01	8.174673e-01	4.544623e-01	3.003783e-01	4.595000e-01	4.851181e-01	2.656838e-01	4.305441e-01	7.979183e-01	7.237729e-01	5.108817e-01	5.361502e-01	4.566244e-01	4.510659e-01	3.962117e-01	3.293842e-01	5.212812e-01	5.750974e-01	5.068108e-01	4.679810e-01	5.457645e-01	4.615858e-01	4.898298e-01	4.462922e-01	5.507743e-01	5.493900e-01	4.472718e-01	2.796370e-01	2.505775e-01	4.865426e-01	6.559458e-01	5.005943e-01	4.741389e-01	4.146260e-01	4.091799e-01	5.564283e-01	5.249610e-01	5.940539e-01	4.550483e-01	4.728664e-01	3.508828e-01	6.062875e-01	4.132859e-01	5.257387e-01	4.539167e-01	5.736960e-01	5.109253e-01	5.561142e-01	6.265939e-01	5.362898e-02	1.208962e-01	5.771126e-01	5.555538e-01	1.678696e-01	5.653650e-02	2.042734e-01	3.662798e-01	2.420774e-01	1.317445e-01	1.639861e-01	1.825266e-01	1.575471e-01	
3.506506e-01	3.782906e-01	4.593566e-01	2.556665e-01	4.087649e-01	3.563111e-01	4.430861e-01	4.835772e-01	5.180307e-01	3.652836e-01	5.482501e-01	4.330696e-01	4.847461e-01	4.160518e-01	4.477011e-01	6.732795e-01	3.613790e-01	4.548823e-01	4.745434e-01	4.292415e-01	4.738119e-01	4.873683e-01	3.069178e-01	4.491930e-01	4.312991e-01	4.515809e-01	3.185389e-01	2.720982e-01	4.078213e-01	3.873738e-01	4.835142e-01	3.685244e-01	4.809363e-01	4.082754e-01	4.997833e-01	4.511933e-01	3.535651e-01	4.411476e-01	4.610835e-01	4.088147e-01	4.595855e-01	4.473018e-01	4.347875e-01	5.099629e-01	4.313606e-01	4.962498e-01	4.147268e-01	4.423484e-01	4.423348e-01	5.439742e-01	4.858970e-01	5.114638e-01	4.669523e-01	4.609517e-01	4.274239e-01	4.344049e-01	4.336374e-01	4.249703e-01	3.833078e-01	4.530554e-01	4.210700e-01	4.382544e-01	4.734915e-01	4.763036e-01	4.573079e-01	3.855895e-01	4.011346e-01	4.905558e-01	4.702695e-01	4.229839e-01	4.578234e-01	4.518112e-01	3.838583e-01	5.934853e-01	4.434152e-01	3.198818e-01	4.519296e-01	4.460629e-01	2.919275e-01	4.208600e-01	5.803550e-01	5.022656e-01	4.591060e-01	4.819561e-01	4.268975e-01	4.287776e-01	4.210264e-01	3.379356e-01	4.411480e-01	4.767282e-01	4.004169e-01	4.601507e-01	4.198060e-01	4.809548e-01	4.119589e-01	4.156030e-01	4.184955e-01	4.362180e-01	4.559122e-01	2.709107e-01	2.387325e-01	4.297685e-01	4.905022e-01	3.635660e-01	4.468381e-01	3.998107e-01	3.847326e-01	4.683196e-01	5.086022e-01	4.904744e-01	4.131563e-01	3.436947e-01	3.719576e-01	4.942055e-01	4.025177e-01	5.191236e-01	4.229981e-01	5.578927e-01	5.294743e-01	5.367732e-01	4.597997e-01	7.275272e-02	1.250196e-01	4.464195e-01	4.780166e-01	1.323012e-01	2.878442e-02	1.591415e-01	3.028109e-01	2.336768e-01	1.128698e-01	1.504130e-01	1.988039e-01	1.502938e-01	
2.872586e-01	3.210262e-01	3.883098e-01	2.067108e-01	3.305494e-01	2.984830e-01	3.617835e-01	4.459132e-01	3.426858e-01	2.953533e-01	5.355814e-01	3.085892e-01	3.507003e-01	2.521514e-01	3.681476e-01	3.613790e-01	5.186563e-01	3.012090e-01	4.550647e-01	3.459304e-01	3.355633e-01	4.288368e-01	2.841828e-01	3.249541e-01	3.345941e-01	3.588154e-01	3.006698e-01	2.499197e-01	2.805710e-01	3.159422e-01	3.609496e-01	3.378841e-01	3.381346e-01	2.754882e-01	4.364606e-01	4.291099e-01	3.249287e-01	3.209017e-01	3.639403e-01	3.006930e-01	3.758404e-01	3.685389e-01	3.213973e-01	3.379385e-01	3.388691e-01	3.728299e-01	3.382766e-01	2.941811e-01	3.132697e-01	4.236310e-01	4.170321e-01	4.718840e-01	3.199319e-01	3.045744e-01	2.727197e-01	3.074677e-01	4.131480e-01	3.173541e-01	2.604151e-01	3.636483e-01	3.455200e-01	2.765047e-01	2.971228e-01	3.133760e-01	2.902828e-01	2.833053e-01	2.994247e-01	4.672885e-01	3.308243e-01	2.728156e-01	3.857556e-01	3.994373e-01	3.116728e-01	5.209173e-01	2.812618e-01	3.041850e-01	2.953185e-01	2.992591e-01	2.800973e-01	2.960477e-01	5.468801e-01	4.943205e-01	3.059063e-01	3.773247e-01	3.089523e-01	3.085038e-01	3.162679e-01	3.184810e-01	3.642235e-01	3.944544e-01	3.539016e-01	3.875366e-01	3.467412e-01	3.040886e-01	3.347815e-01	2.750272e-01	3.683011e-01	3.393748e-01	3.554918e-01	2.182021e-01	1.627504e-01	2.807408e-01	4.069412e-01	3.197100e-01	3.241628e-01	2.800285e-01	2.561416e-01	3.368300e-01	3.400742e-01	4.069873e-01	2.757623e-01	3.164779e-01	3.056868e-01	3.927382e-01	2.888227e-01	3.771707e-01	2.997109e-01	4.141964e-01	3.848342e-01	3.604962e-01	4.346086e-01	6.364829e-02	9.790980e-02	3.626301e-01	3.824284e-01	1.055548e-01	2.987173e-02	1.559494e-01	2.509940e-01	1.813764e-01	7.527333e-02	1.407017e-01	1.481672e-01	1.033178e-01	
3.101754e-01	3.507647e-01	4.240591e-01	2.544764e-01	4.577802e-01	4.151801e-01	4.904347e-01	4.787263e-01	5.927108e-01	3.815707e-01	5.398909e-01	5.376226e-01	5.436338e-01	5.351841e-01	4.548694e-01	4.548823e-01	3.012090e-01	7.776508e-01	4.638433e-01	4.435200e-01	5.965475e-01	4.569928e-01	2.661885e-01	4.669855e-01	4.197003e-01	4.769585e-01	2.697900e-01	2.017889e-01	5.153490e-01	4.263382e-01	4.852227e-01	2.941311e-01	4.998153e-01	4.684022e-01	4.857816e-01	4.336361e-01	2.840021e-01	4.594177e-01	4.661056e-01	4.660658e-01	4.387521e-01	4.526635e-01	5.538166e-01	6.191923e-01	5.070207e-01	5.792136e-01	4.810533e-01	4.939139e-01	5.104166e-01	5.471832e-01	4.720783e-01	4.953403e-01	5.746514e-01	5.301007e-01	5.436428e-01	5.084607e-01	4.149021e-01	4.012248e-01	4.631298e-01	4.414880e-01	4.584137e-01	5.439089e-01	6.034658e-01	4.857546e-01	5.820856e-01	4.310035e-01	4.661278e-01	4.295900e-01	5.632021e-01	5.178462e-01	4.814816e-01	4.637484e-01	3.849460e-01	6.011209e-01	5.926983e-01	2.631695e-01	5.805686e-01	5.314495e-01	2.183857e-01	4.912535e-01	5.693722e-01	4.947843e-01	5.753360e-01	5.416070e-01	5.409129e-01	5.146762e-01	3.860341e-01	2.700025e-01	4.740121e-01	5.319213e-01	4.686787e-01	4.340911e-01	4.118583e-01	6.389704e-01	4.614925e-01	5.330952e-01	3.721079e-01	4.364914e-01	4.133241e-01	2.835619e-01	2.825251e-01	5.687761e-01	4.759149e-01	3.609896e-01	4.706816e-01	4.703106e-01	4.406502e-01	5.302522e-01	5.446688e-01	5.485192e-01	5.009549e-01	3.815450e-01	3.550336e-01	4.723722e-01	4.692101e-01	5.378804e-01	5.284811e-01	5.765708e-01	5.175197e-01	6.098680e-01	4.264395e-01	7.979590e-02	1.617932e-01	4.714588e-01	5.335041e-01	1.567961e-01	6.487262e-02	1.866891e-01	2.871268e-01	2.297963e-01	1.911665e-01	1.679612e-01	2.054467e-01	2.018262e-01	
4.663587e-01	4.233704e-01	6.851908e-01	2.877450e-01	6.076149e-01	5.938393e-01	5.948701e-01	7.919828e-01	5.234819e-01	4.295214e-01	9.944629e-01	5.020367e-01	5.386086e-01	4.199919e-01	6.551468e-01	4.745434e-01	4.550647e-01	4.638433e-01	1.038666e+00	5.233470e-01	5.675365e-01	7.786185e-01	3.827706e-01	5.671103e-01	4.890835e-01	6.169582e-01	3.658840e-01	2.988928e-01	4.789139e-01	5.119911e-01	4.818224e-01	4.523703e-01	4.879046e-01	4.978592e-01	7.464286e-01	7.790000e-01	4.147333e-01	5.359780e-01	6.114945e-01	4.856362e-01	6.839239e-01	6.691333e-01	5.255793e-01	5.145733e-01	5.824241e-01	6.678403e-01	5.592756e-01	4.398679e-01	4.882212e-01	7.640397e-01	7.399786e-01	8.765786e-01	5.001823e-01	4.642023e-01	4.552734e-01	4.748944e-01	7.704660e-01	4.193543e-01	4.057367e-01	4.807710e-01	6.300069e-01	4.323442e-01	5.050313e-01	4.463994e-01	4.645807e-01	5.118781e-01	5.219859e-01	8.563379e-01	5.454497e-01	4.421654e-01	6.674789e-01	7.440289e-01	5.214578e-01	9.471343e-01	4.426134e-01	3.881108e-01	4.641201e-01	4.945633e-01	3.417253e-01	4.481557e-01	9.964063e-01	9.255530e-01	5.175942e-01	6.269695e-01	4.852610e-01	4.845625e-01	4.295716e-01	4.134475e-01	6.282839e-01	7.191618e-01	6.260881e-01	5.206328e-01	6.144950e-01	4.557516e-01	5.986466e-01	4.629067e-01	6.298455e-01	6.161562e-01	5.344190e-01	3.012011e-01	2.674438e-01	4.856198e-01	7.370219e-01	5.705104e-01	4.982253e-01	4.012507e-01	4.198712e-01	5.558176e-01	5.446706e-01	7.401136e-01	4.856368e-01	6.168955e-01	3.992246e-01	6.740205e-01	4.128840e-01	5.381076e-01	4.917414e-01	5.912343e-01	5.510875e-01	5.433475e-01	8.106356e-01	1.031849e-01	1.743952e-01	6.756426e-01	6.924256e-01	2.117386e-01	1.211894e-01	2.768684e-01	4.473025e-01	2.788424e-01	1.771277e-01	2.257614e-01	2.222355e-01	2.130983e-01	
3.382586e-01	3.587067e-01	4.785296e-01	2.387022e-01	4.126404e-01	3.907106e-01	4.247589e-01	5.200378e-01	4.791532e-01	3.361447e-01	6.041990e-01	4.368446e-01	4.598572e-01	3.910314e-01	4.727762e-01	4.292415e-01	3.459304e-01	4.435200e-01	5.233470e-01	5.941379e-01	4.716614e-01	5.001195e-01	2.780701e-01	4.393083e-01	3.983665e-01	4.444408e-01	2.889821e-01	2.419635e-01	3.985465e-01	3.977322e-01	4.397982e-01	3.524353e-01	4.409361e-01	4.049273e-01	5.050695e-01	4.794505e-01	3.289640e-01	4.326608e-01	4.681507e-01	4.034780e-01	4.707264e-01	4.563481e-01	4.420509e-01	4.862083e-01	4.453342e-01	4.990931e-01	4.191779e-01	4.018301e-01	4.369218e-01	5.419194e-01	5.111465e-01	5.480838e-01	4.421633e-01	4.288803e-01	4.181809e-01	4.266837e-01	4.818105e-01	3.724304e-01	3.553723e-01	4.121170e-01	4.437545e-01	4.049655e-01	4.637384e-01	4.230583e-01	4.274685e-01	3.994167e-01	4.041982e-01	5.266265e-01	4.704027e-01	4.191036e-01	4.746638e-01	4.862973e-01	3.649452e-01	6.403128e-01	4.274650e-01	2.901521e-01	4.387398e-01	4.364023e-01	2.671298e-01	4.135277e-01	6.305280e-01	5.692717e-01	4.528422e-01	4.749745e-01	4.328477e-01	4.232690e-01	3.740860e-01	3.162126e-01	4.354015e-01	4.799846e-01	4.183196e-01	4.232825e-01	4.366317e-01	4.437476e-01	4.227727e-01	4.046598e-01	4.355909e-01	4.392405e-01	4.145511e-01	2.631399e-01	2.303084e-01	4.331723e-01	5.203139e-01	4.051439e-01	4.213094e-01	3.775182e-01	3.761566e-01	4.771618e-01	4.720586e-01	5.039592e-01	4.018567e-01	3.914377e-01	3.615948e-01	4.940181e-01	3.902081e-01	4.880348e-01	4.122950e-01	5.148003e-01	4.965366e-01	5.178584e-01	5.001012e-01	7.553598e-02	1.461109e-01	4.701674e-01	4.646518e-01	1.561574e-01	5.779711e-02	1.771751e-01	3.125452e-01	2.275321e-01	1.522533e-01	1.587393e-01	1.819453e-01	1.749481e-01	
3.403083e-01	3.491842e-01	5.051623e-01	2.623034e-01	4.747241e-01	4.607342e-01	5.040281e-01	5.448115e-01	6.106791e-01	4.002065e-01	6.644356e-01	5.525490e-01	5.792740e-01	5.133603e-01	5.441268e-01	4.738119e-01	3.355633e-01	5.965475e-01	5.675365e-01	4.716614e-01	8.085152e-01	5.260883e-01	2.748906e-01	5.290307e-01	4.537467e-01	5.447626e-01	2.833134e-01	1.925446e-01	5.379482e-01	4.674858e-01	5.031239e-01	3.245409e-01	5.155260e-01	4.990769e-01	5.566946e-01	5.215759e-01	3.127970e-01	5.026628e-01	5.373645e-01	4.958325e-01	5.275633e-01	5.420459e-01	5.654706e-01	6.298870e-01	5.415312e-01	6.106764e-01	4.925712e-01	5.051514e-01	5.353324e-01	6.492316e-01	5.695353e-01	5.745439e-01	5.827022e-01	5.519950e-01	5.652301e-01	5.318812e-01	4.940042e-01	4.222206e-01	4.460339e-01	4.585418e-01	5.048361e-01	5.361055e-01	5.950654e-01	5.109499e-01	5.766404e-01	4.625572e-01	5.036595e-01	5.430619e-01	6.017234e-01	5.400932e-01	5.597330e-01	5.337066e-01	4.271838e-01	7.142181e-01	5.850108e-01	2.709710e-01	5.842751e-01	5.491110e-01	2.267388e-01	5.072816e-01	6.671473e-01	6.243366e-01	5.853397e-01	5.632193e-01	5.376826e-01	5.259218e-01	3.950121e-01	2.748967e-01	5.086329e-01	5.862166e-01	5.036792e-01	4.530552e-01	4.958498e-01	6.245096e-01	4.811159e-01	5.549116e-01	4.471819e-01	5.198583e-01	4.362434e-01	3.028362e-01	2.924502e-01	5.804359e-01	5.777439e-01	4.329380e-01	5.093086e-01	4.810198e-01	4.590750e-01	5.862921e-01	5.727565e-01	5.922829e-01	5.283357e-01	4.258906e-01	3.730380e-01	5.361807e-01	4.927887e-01	5.893468e-01	5.624188e-01	6.146136e-01	5.401262e-01	6.335872e-01	5.048931e-01	5.467931e-02	1.349457e-01	5.445448e-01	5.721828e-01	1.522095e-01	4.211709e-02	1.901904e-01	3.214378e-01	2.521216e-01	1.732055e-01	1.702138e-01	2.049977e-01	1.792709e-01	
4.432573e-01	4.034685e-01	6.393614e-01	2.899972e-01	5.732270e-01	5.556596e-01	5.782630e-01	7.454903e-01	5.155721e-01	4.059519e-01	9.086050e-01	4.830333e-01	5.375023e-01	4.008138e-01	6.243377e-01	4.873683e-01	4.288368e-01	4.569928e-01	7.786185e-01	5.001195e-01	5.260883e-01	8.876232e-01	3.622067e-01	5.469156e-01	4.742836e-01	5.606867e-01	3.408293e-01	2.765987e-01	4.516215e-01	4.776112e-01	4.792352e-01	4.412818e-01	4.971121e-01	4.771778e-01	6.977314e-01	7.214584e-01	4.004455e-01	5.085308e-01	5.878972e-01	4.670030e-01	6.308889e-01	6.257547e-01	4.958209e-01	5.032150e-01	5.548164e-01	6.314020e-01	5.397910e-01	4.287203e-01	4.755361e-01	7.161643e-01	6.937163e-01	8.175796e-01	4.772355e-01	4.653118e-01	4.358812e-01	4.774311e-01	7.286779e-01	4.294186e-01	4.031384e-01	4.732084e-01	5.940198e-01	4.114946e-01	4.858022e-01	4.601145e-01	4.558564e-01	4.810462e-01	4.907863e-01	7.899731e-01	5.214104e-01	4.368578e-01	6.149019e-01	6.731470e-01	4.850084e-01	8.663459e-01	4.288341e-01	3.657033e-01	4.472655e-01	4.714025e-01	3.278042e-01	4.378789e-01	9.251865e-01	8.606883e-01	4.925536e-01	5.893072e-01	4.628643e-01	4.801816e-01	4.293289e-01	3.772131e-01	5.983502e-01	6.635636e-01	5.884225e-01	4.960939e-01	5.882569e-01	4.440335e-01	5.807320e-01	4.353305e-01	5.831899e-01	5.820363e-01	5.137997e-01	2.993592e-01	2.615992e-01	4.769732e-01	6.834529e-01	5.358409e-01	4.862827e-01	4.047392e-01	4.022754e-01	5.414126e-01	5.303298e-01	6.760277e-01	4.421977e-01	5.678978e-01	3.945340e-01	6.307459e-01	4.037492e-01	5.291293e-01	4.569416e-01	5.946454e-01	5.425302e-01	5.563451e-01	7.429972e-01	9.094535e-02	1.692841e-01	6.220197e-01	6.511813e-01	1.960309e-01	1.031478e-01	2.369753e-01	4.038002e-01	2.574670e-01	1.630711e-01	1.958512e-01	2.099489e-01	1.955419e-01	
