5.361711e-01	3.224068e-01	4.306472e-01	2.078297e-01	3.916853e-01	3.614106e-01	4.338267e-01	5.196297e-01	3.528217e-01	2.217143e-01	4.872706e-01	2.977676e-01	3.497508e-01	2.766530e-01	4.481259e-01	3.287313e-01	2.700217e-01	3.019502e-01	5.998551e-01	4.070835e-01	3.634205e-01	5.470688e-01	3.081173e-01	3.507564e-01	3.434500e-01	3.815367e-01	2.996602e-01	2.203714e-01	3.228412e-01	3.732691e-01	3.938901e-01	3.639803e-01	3.229350e-01	3.705780e-01	3.437684e-01	5.161013e-01	5.248768e-01	3.002900e-01	3.641622e-01	4.548996e-01	3.255055e-01	4.810440e-01	4.726469e-01	3.791677e-01	3.527499e-01	3.436110e-01	4.046363e-01	3.753704e-01	4.289407e-01	3.916024e-01	4.882056e-01	5.464200e-01	5.222254e-01	3.273456e-01	3.130131e-01	4.305094e-01	3.457220e-01	4.744024e-01	3.175516e-01	2.885320e-01	3.319371e-01	4.630479e-01	3.560299e-01	3.193407e-01	3.489525e-01	3.150357e-01	3.918695e-01	3.931118e-01	5.239820e-01	3.802009e-01	3.815687e-01	5.020568e-01	4.636514e-01	3.153461e-01	4.937175e-01	3.046035e-01	2.683843e-01	2.961526e-01	3.346442e-01	2.909797e-01	3.829292e-01	5.460119e-01	5.385823e-01	3.726284e-01	4.297430e-01	3.689331e-01	3.487622e-01	3.440262e-01	2.935835e-01	3.772852e-01	4.530094e-01	3.968047e-01	3.460219e-01	4.044415e-01	3.157864e-01	4.417021e-01	3.788342e-01	4.782027e-01	3.981794e-01	3.631165e-01	2.394156e-01	2.268036e-01	3.043760e-01	5.182746e-01	4.040414e-01	3.388393e-01	3.251852e-01	3.092930e-01	3.864378e-01	3.413940e-01	4.475275e-01	3.197029e-01	3.974610e-01	3.315322e-01	3.916638e-01	3.202738e-01	4.054601e-01	3.353123e-01	3.593053e-01	4.104154e-01	3.780516e-01	4.539442e-01	3.781832e-02	1.089080e-01	4.014458e-01	4.961459e-01	1.326161e-01	4.290385e-02	2.024120e-01	3.217075e-01	2.560712e-01	1.363088e-01	1.411803e-01	1.494601e-01	1.699164e-01	
3.224068e-01	4.893778e-01	3.812552e-01	1.909294e-01	3.182851e-01	3.041583e-01	3.786925e-01	4.189902e-01	3.307498e-01	2.166421e-01	3.876218e-01	2.855134e-01	3.117593e-01	2.559967e-01	3.960925e-01	3.164309e-01	2.377285e-01	2.851601e-01	4.939921e-01	3.489914e-01	3.247893e-01	4.455878e-01	2.978881e-01	3.011474e-01	3.214723e-01	3.306761e-01	2.983982e-01	2.144545e-01	2.867027e-01	3.553580e-01	3.281169e-01	3.438945e-01	3.141505e-01	3.588322e-01	3.108373e-01	4.259819e-01	4.166627e-01	2.949639e-01	3.503115e-01	3.867214e-01	2.975262e-01	4.070287e-01	3.762439e-01	3.300188e-01	3.368199e-01	2.908240e-01	3.475393e-01	3.311484e-01	4.129532e-01	3.713126e-01	4.000617e-01	4.312545e-01	4.223879e-01	3.103022e-01	2.821583e-01	3.726899e-01	3.121360e-01	3.764239e-01	3.119195e-01	2.632055e-01	3.310889e-01	3.709788e-01	3.367671e-01	2.919679e-01	3.415862e-01	2.849740e-01	3.302081e-01	3.155382e-01	4.224277e-01	3.473627e-01	3.517411e-01	4.115666e-01	3.826577e-01	2.821019e-01	3.895587e-01	3.026687e-01	2.782886e-01	3.084454e-01	3.042011e-01	2.756318e-01	3.443676e-01	4.306946e-01	4.307308e-01	3.452062e-01	3.576848e-01	3.371752e-01	3.330441e-01	3.288601e-01	2.823734e-01	3.276692e-01	3.866672e-01	3.347917e-01	3.404540e-01	3.237704e-01	3.105598e-01	3.596662e-01	3.543158e-01	3.823194e-01	3.281418e-01	3.547594e-01	2.408334e-01	2.001504e-01	2.604838e-01	4.393337e-01	3.404127e-01	3.108124e-01	2.964484e-01	2.912974e-01	3.298751e-01	3.091092e-01	3.796942e-01	2.906707e-01	3.218893e-01	3.248207e-01	3.222634e-01	2.951245e-01	3.853448e-01	3.199732e-01	3.209651e-01	3.959447e-01	3.479909e-01	3.722957e-01	5.143193e-02	1.000009e-01	3.119831e-01	4.384653e-01	1.286207e-01	5.777617e-02	2.008073e-01	2.748572e-01	2.576500e-01	1.449127e-01	1.344773e-01	1.390103e-01	1.721918e-01	
4.306472e-01	3.812552e-01	7.281892e-01	2.533511e-01	4.995817e-01	4.472775e-01	5.404651e-01	6.514820e-01	4.473434e-01	2.748353e-01	6.114309e-01	3.648149e-01	4.325238e-01	3.351643e-01	5.738869e-01	4.095256e-01	3.162499e-01	4.029217e-01	7.552039e-01	4.983465e-01	4.598910e-01	6.788159e-01	3.595524e-01	4.541724e-01	4.042905e-01	4.907063e-01	3.495075e-01	2.512526e-01	4.116487e-01	4.652793e-01	4.683179e-01	4.430644e-01	3.837519e-01	4.470709e-01	4.436469e-01	6.453312e-01	6.479196e-01	3.544035e-01	4.632877e-01	5.793840e-01	4.097392e-01	6.105497e-01	5.831876e-01	4.682085e-01	4.549167e-01	4.357945e-01	4.948611e-01	4.745093e-01	5.253793e-01	5.050675e-01	6.219144e-01	6.788554e-01	6.449839e-01	4.078982e-01	3.990414e-01	5.510807e-01	4.500199e-01	5.931407e-01	3.978707e-01	3.675104e-01	4.216631e-01	5.754965e-01	4.701071e-01	3.969915e-01	4.439324e-01	3.922522e-01	4.705774e-01	4.937567e-01	6.585533e-01	4.794791e-01	4.830826e-01	6.162863e-01	5.988993e-01	3.796351e-01	6.346956e-01	3.740188e-01	3.264611e-01	3.762673e-01	4.316815e-01	3.377473e-01	4.737080e-01	6.762072e-01	6.858359e-01	4.745266e-01	5.261218e-01	4.446967e-01	4.502924e-01	4.258766e-01	3.326515e-01	4.835319e-01	5.853319e-01	5.014024e-01	4.244737e-01	4.948499e-01	3.936896e-01	5.429323e-01	4.840925e-01	5.943481e-01	5.130381e-01	4.509276e-01	2.940757e-01	2.792050e-01	3.889015e-01	6.678328e-01	5.146952e-01	4.107404e-01	4.143487e-01	3.762291e-01	4.847949e-01	4.253531e-01	5.730731e-01	3.968633e-01	5.023381e-01	3.944587e-01	4.887380e-01	4.023124e-01	4.799925e-01	4.248437e-01	4.394784e-01	5.025265e-01	4.702579e-01	6.073476e-01	6.797056e-02	1.278379e-01	5.006624e-01	6.144762e-01	1.892559e-01	6.544101e-02	2.610096e-01	4.210729e-01	3.187884e-01	1.893239e-01	1.774277e-01	1.934403e-01	2.342023e-01	
2.078297e-01	1.909294e-01	2.533511e-01	3.089177e-01	2.442777e-01	2.337798e-01	2.732515e-01	3.127274e-01	2.171879e-01	1.546798e-01	2.760369e-01	1.911557e-01	2.183653e-01	1.996629e-01	2.534326e-01	1.969115e-01	1.714684e-01	2.142675e-01	3.526686e-01	2.430213e-01	2.470845e-01	3.124908e-01	1.787918e-01	2.175840e-01	1.898556e-01	2.132240e-01	1.929467e-01	1.470102e-01	1.985918e-01	2.311791e-01	2.082476e-01	2.051725e-01	1.881821e-01	2.147250e-01	2.257677e-01	2.832287e-01	3.004809e-01	1.783390e-01	2.253384e-01	2.692985e-01	2.072185e-01	2.753891e-01	2.717593e-01	2.347351e-01	2.376728e-01	2.124593e-01	2.435317e-01	2.350281e-01	2.634998e-01	2.522595e-01	2.593311e-01	2.928620e-01	2.911559e-01	2.155353e-01	1.852274e-01	2.638079e-01	2.102446e-01	2.680224e-01	1.861605e-01	1.816588e-01	2.102634e-01	2.635300e-01	2.317537e-01	2.002761e-01	2.125210e-01	1.942173e-01	2.208332e-01	2.167483e-01	2.915809e-01	2.350714e-01	2.397472e-01	2.816110e-01	2.677694e-01	1.818254e-01	2.804630e-01	2.062160e-01	1.735612e-01	2.148780e-01	2.237251e-01	1.752582e-01	2.277701e-01	3.091293e-01	3.289262e-01	2.310002e-01	2.807704e-01	2.194078e-01	2.068414e-01	2.059888e-01	1.935334e-01	2.461660e-01	2.859069e-01	2.499492e-01	2.053005e-01	2.355276e-01	2.204066e-01	2.712495e-01	2.446300e-01	2.506169e-01	2.377683e-01	2.223382e-01	1.560044e-01	1.405566e-01	1.909747e-01	3.063049e-01	2.260906e-01	1.946180e-01	2.039725e-01	1.946382e-01	2.282890e-01	2.023340e-01	2.917566e-01	2.129913e-01	2.428758e-01	1.825019e-01	2.117886e-01	1.926512e-01	2.294771e-01	2.314173e-01	2.144875e-01	2.279282e-01	2.467381e-01	2.664330e-01	5.530685e-02	9.048131e-02	2.257200e-01	3.239917e-01	1.016585e-01	4.756880e-02	1.306889e-01	1.895898e-01	1.681229e-01	1.062406e-01	1.087865e-01	1.065923e-01	1.187316e-01	
3.916853e-01	3.182851e-01	4.995817e-01	2.442777e-01	7.548683e-01	5.195828e-01	6.138050e-01	6.679387e-01	4.206207e-01	2.802659e-01	6.209989e-01	3.738720e-01	3.874817e-01	3.948978e-01	5.138192e-01	3.700900e-01	2.633009e-01	4.548020e-01	7.262594e-01	4.562465e-01	5.056765e-01	6.736226e-01	3.095219e-01	3.996759e-01	3.801343e-01	4.556305e-01	2.958949e-01	2.356160e-01	4.645088e-01	4.616282e-01	4.193057e-01	3.803947e-01	3.371779e-01	3.950687e-01	4.404324e-01	6.187687e-01	6.400062e-01	2.945527e-01	4.296696e-01	5.241755e-01	3.634894e-01	5.772931e-01	5.923012e-01	5.152322e-01	4.819253e-01	4.904557e-01	5.627210e-01	5.415981e-01	4.799463e-01	4.686385e-01	5.634464e-01	6.023581e-01	6.226140e-01	4.400950e-01	3.971231e-01	5.355945e-01	4.085710e-01	5.528260e-01	3.443151e-01	3.876477e-01	3.807720e-01	5.796978e-01	4.773416e-01	4.080642e-01	4.162008e-01	3.923650e-01	4.618650e-01	4.318637e-01	6.482356e-01	4.714316e-01	4.715353e-01	5.773013e-01	5.862644e-01	3.570834e-01	6.140743e-01	4.036301e-01	2.730412e-01	4.420520e-01	4.368656e-01	2.924660e-01	4.492096e-01	6.779770e-01	7.134696e-01	4.538872e-01	6.218275e-01	4.201198e-01	4.137911e-01	3.523970e-01	3.356950e-01	5.055373e-01	6.589470e-01	5.726801e-01	3.672959e-01	4.872190e-01	4.200372e-01	6.234755e-01	5.126601e-01	5.379670e-01	4.623821e-01	4.085518e-01	2.706215e-01	3.232413e-01	4.075778e-01	6.198783e-01	4.762120e-01	3.706531e-01	4.056227e-01	4.052612e-01	4.430592e-01	3.856380e-01	6.533187e-01	4.444586e-01	5.846840e-01	3.683858e-01	4.276448e-01	3.845642e-01	4.395726e-01	4.462430e-01	4.049053e-01	4.253323e-01	4.536334e-01	5.889160e-01	8.320416e-02	9.524712e-02	5.085854e-01	6.950282e-01	1.491136e-01	8.942014e-02	2.352441e-01	3.505407e-01	2.530558e-01	1.399545e-01	1.397943e-01	1.519566e-01	1.799904e-01	
3.614106e-01	3.041583e-01	4.472775e-01	2.337798e-01	5.195828e-01	6.598666e-01	5.275884e-01	6.212878e-01	3.482852e-01	2.514126e-01	5.772009e-01	3.312151e-01	3.314818e-01	3.141045e-01	4.748321e-01	3.212756e-01	2.460775e-01	3.725981e-01	6.762865e-01	4.071003e-01	4.418556e-01	6.151008e-01	2.887202e-01	3.481827e-01	3.432125e-01	4.276690e-01	2.782898e-01	2.027661e-01	3.925340e-01	3.867318e-01	3.846464e-01	3.137233e-01	3.200795e-01	3.646926e-01	3.863461e-01	5.887194e-01	6.062772e-01	2.543663e-01	3.724658e-01	4.871825e-01	3.320726e-01	5.284694e-01	5.539635e-01	4.383454e-01	4.154869e-01	4.384181e-01	4.901558e-01	4.635328e-01	4.238707e-01	4.143389e-01	5.107401e-01	5.739153e-01	5.863025e-01	3.476165e-01	3.467316e-01	4.513226e-01	3.433396e-01	5.272045e-01	2.935401e-01	3.379886e-01	3.291832e-01	5.344938e-01	3.942560e-01	3.435553e-01	3.623996e-01	3.374613e-01	4.005467e-01	4.181024e-01	6.016589e-01	4.166725e-01	4.133748e-01	5.420179e-01	5.319011e-01	3.247279e-01	5.720756e-01	3.328085e-01	2.549823e-01	3.633253e-01	3.663302e-01	2.669164e-01	3.699431e-01	6.336029e-01	6.543108e-01	3.852999e-01	5.374035e-01	3.629066e-01	3.453977e-01	2.964749e-01	3.091327e-01	4.609757e-01	5.906667e-01	5.087935e-01	3.262973e-01	4.633935e-01	3.519958e-01	5.542195e-01	4.462992e-01	4.910402e-01	4.315021e-01	3.660538e-01	2.413946e-01	2.672582e-01	3.460303e-01	5.744822e-01	4.416473e-01	3.186414e-01	3.481545e-01	3.508050e-01	4.003988e-01	3.364563e-01	5.920324e-01	3.669195e-01	5.314756e-01	3.274605e-01	3.964049e-01	3.362042e-01	3.821943e-01	3.695287e-01	3.455313e-01	3.753424e-01	3.977036e-01	5.516591e-01	7.729608e-02	8.631511e-02	4.682697e-01	5.928310e-01	1.427796e-01	8.156131e-02	1.992086e-01	3.343769e-01	2.471995e-01	1.227575e-01	1.350803e-01	1.331809e-01	1.563380e-01	
4.338267e-01	3.786925e-01	5.404651e-01	2.732515e-01	6.138050e-01	5.275884e-01	8.591217e-01	7.114857e-01	4.969530e-01	3.215260e-01	6.653904e-01	4.469058e-01	4.755452e-01	4.402187e-01	5.661282e-01	4.328093e-01	2.964321e-01	5.162018e-01	7.768663e-01	5.054440e-01	5.592978e-01	7.157759e-01	3.440579e-01	4.719942e-01	4.383772e-01	5.104318e-01	3.633803e-01	2.645535e-01	5.064057e-01	5.309269e-01	4.878819e-01	4.581638e-01	3.683273e-01	4.819660e-01	5.227561e-01	6.657996e-01	6.928869e-01	3.264332e-01	4.945016e-01	5.943250e-01	4.296464e-01	6.305302e-01	6.458794e-01	5.946187e-01	5.630886e-01	5.299257e-01	6.135513e-01	5.764964e-01	5.669555e-01	5.496675e-01	6.458953e-01	6.736619e-01	6.664632e-01	5.126647e-01	4.659028e-01	6.271497e-01	4.912929e-01	6.286833e-01	3.907830e-01	4.521785e-01	4.352440e-01	6.244516e-01	5.580186e-01	4.765654e-01	4.775181e-01	4.783345e-01	5.170308e-01	5.043008e-01	6.812209e-01	5.628512e-01	5.485109e-01	6.530272e-01	6.093706e-01	4.037771e-01	6.713157e-01	4.949633e-01	2.999521e-01	5.315967e-01	5.332111e-01	3.298072e-01	5.145287e-01	7.385646e-01	7.687583e-01	5.338856e-01	6.925842e-01	5.097053e-01	4.840036e-01	4.133193e-01	3.630345e-01	5.559927e-01	7.058565e-01	6.260650e-01	4.238333e-01	5.287784e-01	5.193386e-01	6.805466e-01	6.019093e-01	5.949129e-01	5.269345e-01	4.682956e-01	3.366165e-01	3.606572e-01	4.680434e-01	6.918233e-01	5.127285e-01	4.271493e-01	4.717579e-01	4.630090e-01	5.223418e-01	4.539760e-01	6.934789e-01	5.019608e-01	6.227802e-01	4.025725e-01	4.928543e-01	4.577495e-01	5.153505e-01	5.114172e-01	4.548348e-01	5.008726e-01	5.439339e-01	6.179576e-01	9.551580e-02	1.228455e-01	5.328203e-01	7.596963e-01	1.717236e-01	7.996865e-02	2.754912e-01	3.968183e-01	3.013186e-01	1.671303e-01	1.803572e-01	1.735428e-01	2.153745e-01	
5.196297e-01	4.189902e-01	6.514820e-01	3.127274e-01	6.679387e-01	6.212878e-01	7.114857e-01	1.066699e+00	4.786787e-01	3.260396e-01	8.200491e-01	4.262332e-01	4.748234e-01	4.039569e-01	6.968882e-01	4.524217e-01	3.726577e-01	4.660142e-01	9.633755e-01	5.704316e-01	5.809595e-01	8.660665e-01	4.315339e-01	5.161567e-01	4.545190e-01	6.101208e-01	4.067332e-01	3.015131e-01	5.043889e-01	5.272262e-01	5.517231e-01	4.837204e-01	4.446544e-01	4.915078e-01	5.112148e-01	8.289728e-01	8.547310e-01	4.130296e-01	5.353458e-01	6.930822e-01	4.677118e-01	7.426500e-01	7.667646e-01	5.790332e-01	5.347519e-01	5.671430e-01	6.287560e-01	6.208932e-01	5.871952e-01	5.564963e-01	7.450815e-01	8.298583e-01	8.571838e-01	4.720153e-01	4.424279e-01	6.197907e-01	4.906248e-01	7.587890e-01	4.479346e-01	4.463189e-01	4.443657e-01	7.534197e-01	5.177229e-01	4.570210e-01	4.988838e-01	4.428800e-01	5.518267e-01	5.770935e-01	8.558142e-01	5.658662e-01	5.596498e-01	7.657465e-01	7.548058e-01	4.683827e-01	7.899452e-01	4.330881e-01	3.792343e-01	4.263234e-01	4.932930e-01	3.910144e-01	5.207794e-01	8.908891e-01	9.290957e-01	5.359731e-01	7.062530e-01	4.906412e-01	4.939644e-01	4.455307e-01	4.242745e-01	6.362823e-01	7.917877e-01	6.735846e-01	4.746166e-01	6.459711e-01	4.459347e-01	7.078913e-01	5.771287e-01	7.220209e-01	6.168791e-01	5.324622e-01	3.330890e-01	3.617620e-01	4.499017e-01	8.263620e-01	6.123178e-01	4.753299e-01	4.677269e-01	4.518817e-01	5.762045e-01	4.862765e-01	7.596045e-01	4.838321e-01	7.110579e-01	4.605306e-01	5.552972e-01	4.526393e-01	5.360545e-01	4.985013e-01	4.842757e-01	5.419282e-01	5.247323e-01	7.886602e-01	7.900188e-02	1.310230e-01	6.481044e-01	7.916977e-01	1.997580e-01	8.123897e-02	3.048039e-01	4.811969e-01	3.624070e-01	1.897464e-01	1.935584e-01	2.072213e-01	2.493931e-01	
3.528217e-01	3.307498e-01	4.473434e-01	2.171879e-01	4.206207e-01	3.482852e-01	4.969530e-01	4.786787e-01	7.073893e-01	2.753968e-01	4.550923e-01	4.404101e-01	4.473365e-01	4.382827e-01	4.775777e-01	4.104272e-01	2.389544e-01	4.880771e-01	5.586987e-01	4.473273e-01	5.093818e-01	5.170860e-01	2.573952e-01	4.264278e-01	4.082969e-01	4.190972e-01	2.918606e-01	1.975041e-01	4.850594e-01	5.281446e-01	4.369754e-01	4.591844e-01	2.977359e-01	4.883568e-01	4.791259e-01	4.994366e-01	4.659998e-01	2.765187e-01	4.717114e-01	4.968308e-01	4.032571e-01	5.117892e-01	4.814054e-01	5.148607e-01	5.283729e-01	3.969471e-01	4.618344e-01	4.147393e-01	5.685694e-01	5.500489e-01	5.538575e-01	5.348532e-01	4.323069e-01	4.749088e-01	4.836819e-01	6.130881e-01	4.770699e-01	4.345436e-01	3.909072e-01	4.404017e-01	4.173363e-01	4.346757e-01	5.576549e-01	4.847451e-01	4.884664e-01	4.532089e-01	4.754275e-01	4.623680e-01	4.972616e-01	5.327262e-01	5.248932e-01	5.368312e-01	4.589030e-01	3.368907e-01	5.040749e-01	5.089498e-01	2.499736e-01	5.450531e-01	4.987064e-01	2.459165e-01	5.174419e-01	4.880056e-01	5.108407e-01	5.475413e-01	5.162521e-01	5.091687e-01	4.960619e-01	4.042773e-01	2.565011e-01	3.835850e-01	5.034836e-01	4.668711e-01	3.953261e-01	3.932903e-01	5.255354e-01	4.930816e-01	5.962763e-01	4.611136e-01	4.559514e-01	4.089643e-01	2.971959e-01	3.313331e-01	4.571898e-01	5.391877e-01	4.458499e-01	4.522492e-01	4.529640e-01	4.540415e-01	4.775069e-01	4.853677e-01	4.685499e-01	4.470382e-01	3.928201e-01	3.639263e-01	4.329096e-01	4.503206e-01	5.107995e-01	4.938132e-01	4.336158e-01	4.950564e-01	5.486101e-01	4.196165e-01	7.312755e-02	1.278619e-01	3.978248e-01	5.634793e-01	1.298339e-01	5.435625e-02	2.396865e-01	3.134111e-01	2.647316e-01	1.651238e-01	1.556695e-01	1.620692e-01	1.935675e-01	
2.217143e-01	2.166421e-01	2.748353e-01	1.546798e-01	2.802659e-01	2.514126e-01	3.215260e-01	3.260396e-01	2.753968e-01	3.612729e-01	3.147120e-01	2.560755e-01	2.641608e-01	2.376151e-01	2.901611e-01	2.526169e-01	1.634399e-01	2.708573e-01	3.813625e-01	2.688982e-01	2.957717e-01	3.625434e-01	2.054408e-01	2.458243e-01	2.429308e-01	2.624437e-01	1.948010e-01	1.447894e-01	2.500121e-01	2.929002e-01	2.483068e-01	2.673285e-01	2.124234e-01	2.733085e-01	2.737641e-01	3.352939e-01	3.205388e-01	1.923886e-01	2.679441e-01	3.091302e-01	2.296684e-01	3.272290e-01	3.122309e-01	2.973192e-01	3.050717e-01	2.603688e-01	3.057234e-01	2.729267e-01	3.157722e-01	3.066458e-01	3.227055e-01	3.392665e-01	3.180256e-01	2.640623e-01	2.549343e-01	3.466984e-01	2.659758e-01	2.891414e-01	2.363347e-01	2.414555e-01	2.507621e-01	3.016716e-01	3.000291e-01	2.538124e-01	2.674437e-01	2.397705e-01	2.956174e-01	2.689086e-01	3.346647e-01	3.122728e-01	2.973810e-01	3.337599e-01	3.119161e-01	2.317169e-01	3.276435e-01	2.685510e-01	1.723854e-01	2.969275e-01	2.847392e-01	1.843709e-01	2.815244e-01	3.523339e-01	3.410422e-01	2.912208e-01	3.379715e-01	2.657211e-01	2.645344e-01	2.386357e-01	1.939729e-01	2.691808e-01	3.318372e-01	2.810166e-01	2.390781e-01	2.692046e-01	2.828022e-01	3.125533e-01	3.283450e-01	2.985493e-01	2.653447e-01	2.539307e-01	1.816647e-01	1.883509e-01	2.484840e-01	3.617220e-01	2.769434e-01	2.502222e-01	2.547804e-01	2.525824e-01	2.681868e-01	2.660921e-01	3.245666e-01	2.675233e-01	2.856869e-01	2.328010e-01	2.607971e-01	2.591766e-01	3.031787e-01	2.841886e-01	2.584620e-01	2.946221e-01	2.968373e-01	3.021788e-01	5.028521e-02	6.391895e-02	2.635401e-01	3.782934e-01	8.018005e-02	4.062264e-02	1.334278e-01	2.027903e-01	1.619703e-01	9.394750e-02	1.112549e-01	1.135280e-01	1.040319e-01	
4.872706e-01	3.876218e-01	6.114309e-01	2.760369e-01	6.209989e-01	5.772009e-01	6.653904e-01	8.200491e-01	4.550923e-01	3.147120e-01	9.370915e-01	3.885394e-01	4.533411e-01	3.886498e-01	6.460219e-01	4.289095e-01	3.289591e-01	4.416613e-01	9.012520e-01	5.545429e-01	5.346068e-01	8.299549e-01	3.920703e-01	4.877489e-01	4.453392e-01	5.649637e-01	3.668084e-01	2.696952e-01	4.692872e-01	5.070064e-01	5.300597e-01	4.566878e-01	4.089076e-01	4.829798e-01	4.815606e-01	7.797327e-01	8.128247e-01	3.857071e-01	4.988133e-01	6.618062e-01	4.531595e-01	7.121512e-01	7.287485e-01	5.530590e-01	4.965712e-01	5.211004e-01	5.874601e-01	5.688946e-01	5.510653e-01	5.285640e-01	7.038632e-01	7.841826e-01	8.028841e-01	4.545700e-01	4.191638e-01	5.927484e-01	4.680116e-01	7.163551e-01	4.300923e-01	4.131082e-01	4.161830e-01	6.958927e-01	4.781643e-01	4.421533e-01	4.789442e-01	4.236347e-01	5.389811e-01	5.634935e-01	7.896448e-01	5.333625e-01	5.315678e-01	7.321925e-01	7.004784e-01	4.519825e-01	7.480639e-01	4.078567e-01	3.420622e-01	4.020012e-01	4.716748e-01	3.577261e-01	4.925064e-01	8.594845e-01	8.538848e-01	5.136241e-01	6.741388e-01	4.594533e-01	4.635056e-01	4.153041e-01	3.914126e-01	6.006492e-01	7.334572e-01	6.369471e-01	4.294475e-01	6.022330e-01	4.053160e-01	6.664391e-01	5.495407e-01	6.913447e-01	5.887355e-01	4.736465e-01	3.211358e-01	3.540890e-01	4.229800e-01	7.773348e-01	5.851539e-01	4.503304e-01	4.472391e-01	4.220729e-01	5.498729e-01	4.671421e-01	6.998185e-01	4.480801e-01	6.462285e-01	4.240528e-01	5.471659e-01	4.435745e-01	5.067941e-01	4.589046e-01	4.670907e-01	5.163511e-01	5.084136e-01	7.302118e-01	5.437720e-02	1.227874e-01	6.044640e-01	7.495202e-01	1.661946e-01	6.624882e-02	2.727268e-01	4.638651e-01	3.217423e-01	1.617347e-01	1.769693e-01	1.794014e-01	2.214625e-01	
2.977676e-01	2.855134e-01	3.648149e-01	1.911557e-01	3.738720e-01	3.312151e-01	4.469058e-01	4.262332e-01	4.404101e-01	2.560755e-01	3.885394e-01	5.839076e-01	3.876477e-01	3.870061e-01	4.275479e-01	3.507465e-01	2.154166e-01	4.510861e-01	4.819729e-01	3.792808e-01	4.634321e-01	4.292862e-01	2.276644e-01	3.660657e-01	3.548247e-01	3.820107e-01	2.456618e-01	1.551261e-01	4.290446e-01	4.593710e-01	3.627145e-01	3.826216e-01	2.494297e-01	4.117294e-01	4.288702e-01	4.364256e-01	4.008228e-01	2.143812e-01	4.006009e-01	4.279541e-01	3.446692e-01	4.448945e-01	4.243743e-01	4.561789e-01	4.699012e-01	3.692362e-01	4.350908e-01	3.914464e-01	4.923190e-01	4.632281e-01	4.657311e-01	4.647014e-01	3.738242e-01	4.066407e-01	4.342100e-01	5.419603e-01	4.217014e-01	3.735172e-01	3.152237e-01	3.969176e-01	3.607218e-01	3.857424e-01	5.003874e-01	4.594244e-01	4.055761e-01	3.923724e-01	4.228553e-01	3.968397e-01	4.360206e-01	4.790746e-01	4.526765e-01	4.713328e-01	4.077572e-01	2.809801e-01	4.447614e-01	4.431032e-01	1.945202e-01	4.982811e-01	4.473875e-01	2.159076e-01	4.238247e-01	4.275632e-01	4.621449e-01	4.651396e-01	4.705394e-01	4.397242e-01	4.091504e-01	3.316892e-01	2.248775e-01	3.298632e-01	4.441195e-01	4.111513e-01	3.310452e-01	3.590383e-01	4.813298e-01	4.356080e-01	5.130419e-01	3.969707e-01	3.956827e-01	3.543439e-01	2.683071e-01	2.939084e-01	4.214576e-01	4.730852e-01	3.972369e-01	3.777398e-01	4.191542e-01	3.978207e-01	4.255634e-01	4.061038e-01	4.301630e-01	3.968742e-01	3.831693e-01	3.220918e-01	3.672849e-01	3.889041e-01	4.361577e-01	4.486658e-01	3.680427e-01	4.038800e-01	4.703750e-01	3.560479e-01	6.407307e-02	1.112322e-01	3.436905e-01	5.074880e-01	1.211703e-01	5.486245e-02	2.125145e-01	2.768678e-01	2.177772e-01	1.443132e-01	1.480893e-01	1.334574e-01	1.653224e-01	
3.497508e-01	3.117593e-01	4.325238e-01	2.183653e-01	3.874817e-01	3.314818e-01	4.755452e-01	4.748234e-01	4.473365e-01	2.641608e-01	4.533411e-01	3.876477e-01	6.379732e-01	3.723480e-01	4.687164e-01	3.914698e-01	2.561929e-01	4.235822e-01	5.576406e-01	4.307222e-01	4.534552e-01	5.305248e-01	2.708745e-01	4.276972e-01	3.783845e-01	4.165631e-01	2.691349e-01	1.877392e-01	4.053908e-01	4.735704e-01	4.194872e-01	4.369488e-01	2.957514e-01	4.457203e-01	4.542897e-01	4.953726e-01	4.961918e-01	2.716827e-01	4.393520e-01	4.683300e-01	3.765492e-01	5.133501e-01	4.811081e-01	4.599053e-01	4.650563e-01	3.835347e-01	4.275120e-01	3.824048e-01	5.170119e-01	4.864497e-01	5.387492e-01	5.366892e-01	4.619765e-01	4.044860e-01	4.257528e-01	5.741962e-01	4.499603e-01	4.591053e-01	3.665102e-01	3.738160e-01	3.763807e-01	4.485486e-01	4.896860e-01	4.403911e-01	4.268343e-01	3.893405e-01	4.519741e-01	4.508256e-01	4.914451e-01	4.885992e-01	4.601949e-01	5.295229e-01	4.545861e-01	3.314879e-01	4.918098e-01	4.246450e-01	2.461990e-01	4.544176e-01	4.655372e-01	2.558295e-01	4.588177e-01	5.109808e-01	5.233193e-01	4.813647e-01	4.614511e-01	4.528495e-01	4.526309e-01	3.927847e-01	2.447336e-01	4.065709e-01	4.683462e-01	4.166981e-01	3.488857e-01	3.989649e-01	4.421631e-01	4.345781e-01	5.074104e-01	4.650874e-01	4.525171e-01	4.028471e-01	2.737800e-01	2.957798e-01	4.055552e-01	5.420627e-01	4.379774e-01	3.995877e-01	4.350233e-01	3.886552e-01	4.504591e-01	4.151608e-01	4.372069e-01	3.959780e-01	3.737889e-01	3.425763e-01	4.402258e-01	3.999149e-01	4.644589e-01	4.440732e-01	4.127028e-01	4.707561e-01	4.919807e-01	4.283398e-01	5.751899e-02	1.577591e-01	3.898263e-01	5.218201e-01	1.668371e-01	4.638822e-02	2.451393e-01	3.286814e-01	2.514348e-01	1.819569e-01	1.749602e-01	1.626477e-01	2.255050e-01	
2.766530e-01	2.559967e-01	3.351643e-01	1.996629e-01	3.948978e-01	3.141045e-01	4.402187e-01	4.039569e-01	4.382827e-01	2.376151e-01	3.886498e-01	3.870061e-01	3.723480e-01	5.950012e-01	3.861496e-01	3.376651e-01	1.938006e-01	4.500934e-01	4.489044e-01	3.486220e-01	4.613253e-01	4.256227e-01	2.043251e-01	3.486232e-01	3.256022e-01	3.590738e-01	2.397062e-01	1.582381e-01	4.454273e-01	4.511725e-01	3.406204e-01	3.603929e-01	2.283968e-01	3.943394e-01	4.271257e-01	4.148011e-01	3.846336e-01	1.964347e-01	3.894041e-01	4.062656e-01	3.167703e-01	4.220797e-01	4.351049e-01	4.807244e-01	4.948541e-01	3.638383e-01	4.308075e-01	3.821803e-01	4.663916e-01	4.568728e-01	4.353052e-01	4.262221e-01	3.397997e-01	4.178656e-01	4.246702e-01	5.263017e-01	3.961383e-01	3.380494e-01	3.073079e-01	3.877705e-01	3.392555e-01	3.901742e-01	4.918225e-01	4.447800e-01	3.954032e-01	3.981286e-01	4.159321e-01	3.698456e-01	4.098000e-01	4.807071e-01	4.534779e-01	4.558268e-01	3.805006e-01	2.734638e-01	4.271520e-01	4.624693e-01	1.781234e-01	4.993061e-01	4.486195e-01	1.837746e-01	4.317359e-01	4.167873e-01	4.574266e-01	4.570113e-01	4.641657e-01	4.124267e-01	4.136184e-01	3.150313e-01	2.190062e-01	3.431731e-01	4.644155e-01	4.200277e-01	2.954637e-01	3.417691e-01	4.754330e-01	4.418302e-01	5.294896e-01	3.642332e-01	3.867240e-01	3.343723e-01	2.406274e-01	2.844291e-01	4.309843e-01	4.502274e-01	3.730209e-01	3.619505e-01	3.933751e-01	3.941894e-01	3.959146e-01	3.974348e-01	4.548870e-01	4.071779e-01	3.701962e-01	2.945628e-01	3.410243e-01	3.800022e-01	4.158147e-01	4.370136e-01	3.533311e-01	3.777962e-01	4.739557e-01	3.514204e-01	5.795864e-02	1.380729e-01	3.555766e-01	5.167566e-01	1.452307e-01	5.287743e-02	2.139957e-01	2.626402e-01	2.141539e-01	1.391176e-01	1.516720e-01	1.580728e-01	1.792946e-01	
4.481259e-01	3.960925e-01	5.738869e-01	2.534326e-01	5.138192e-01	4.748321e-01	5.661282e-01	6.968882e-01	4.775777e-01	2.901611e-01	6.460219e-01	4.275479e-01	4.687164e-01	3.861496e-01	7.988217e-01	4.312587e-01	3.096550e-01	4.404515e-01	7.727012e-01	5.283068e-01	5.293911e-01	6.991800e-01	3.622764e-01	4.856228e-01	4.290314e-01	5.386438e-01	3.415808e-01	2.462183e-01	4.665946e-01	5.010893e-01	5.050815e-01	4.803107e-01	3.840934e-01	4.881845e-01	5.010351e-01	6.873285e-01	6.632774e-01	3.572112e-01	5.162519e-01	6.145824e-01	4.428246e-01	6.719644e-01	6.319913e-01	5.162183e-01	4.879563e-01	4.683711e-01	5.340813e-01	5.113527e-01	5.805073e-01	5.368007e-01	6.702934e-01	7.375107e-01	6.674539e-01	4.517256e-01	4.565105e-01	6.107067e-01	4.867189e-01	6.147195e-01	4.305219e-01	4.045088e-01	4.391097e-01	6.064417e-01	5.034185e-01	4.575600e-01	4.937445e-01	4.251487e-01	5.309180e-01	5.206973e-01	6.835146e-01	5.202417e-01	5.268497e-01	6.808283e-01	6.310296e-01	4.167791e-01	6.744096e-01	4.307674e-01	3.372253e-01	4.474475e-01	4.684772e-01	3.320682e-01	5.005452e-01	7.028824e-01	7.247445e-01	5.255083e-01	5.715879e-01	4.800111e-01	4.874852e-01	4.304213e-01	3.388262e-01	5.136573e-01	6.204713e-01	5.504126e-01	4.333396e-01	5.468296e-01	4.501986e-01	5.705558e-01	5.498631e-01	6.066625e-01	5.666463e-01	4.759663e-01	3.249574e-01	3.228503e-01	4.381893e-01	7.179453e-01	5.605406e-01	4.615870e-01	4.712915e-01	4.285354e-01	5.347116e-01	4.689226e-01	5.969941e-01	4.457739e-01	5.280957e-01	4.219861e-01	5.377687e-01	4.483113e-01	5.236736e-01	4.646712e-01	4.695678e-01	5.407242e-01	5.311169e-01	6.096169e-01	5.936541e-02	1.328990e-01	5.371998e-01	6.581524e-01	1.714336e-01	5.619126e-02	2.772407e-01	4.353539e-01	3.142382e-01	1.899112e-01	1.765336e-01	1.923796e-01	2.301661e-01	
3.287313e-01	3.164309e-01	4.095256e-01	1.969115e-01	3.700900e-01	3.212756e-01	4.328093e-01	4.524217e-01	4.104272e-01	2.526169e-01	4.289095e-01	3.507465e-01	3.914698e-01	3.376651e-01	4.312587e-01	5.578397e-01	2.388975e-01	3.778801e-01	5.279561e-01	3.941295e-01	3.880408e-01	4.863750e-01	2.940578e-01	3.722597e-01	3.804146e-01	3.763524e-01	2.875455e-01	2.029397e-01	3.756848e-01	4.327623e-01	3.873004e-01	4.050303e-01	3.087773e-01	4.077509e-01	3.946081e-01	4.615981e-01	4.626241e-01	2.830726e-01	3.911465e-01	4.412576e-01	3.532761e-01	4.652063e-01	4.515277e-01	4.134383e-01	4.082383e-01	3.460446e-01	4.068391e-01	3.777525e-01	4.769416e-01	4.408401e-01	4.963029e-01	5.027087e-01	4.391716e-01	3.974056e-01	3.809289e-01	4.851435e-01	3.948438e-01	4.118161e-01	3.608908e-01	3.394053e-01	3.660677e-01	4.124809e-01	4.302702e-01	3.768980e-01	4.207217e-01	3.631277e-01	4.109062e-01	3.791320e-01	4.890513e-01	4.198058e-01	4.202674e-01	4.783774e-01	4.214017e-01	3.118918e-01	4.651490e-01	3.875534e-01	2.555088e-01	3.888152e-01	3.902038e-01	2.760258e-01	4.116010e-01	4.850163e-01	4.936909e-01	4.212086e-01	4.382237e-01	4.145704e-01	3.932317e-01	3.759772e-01	2.718286e-01	3.667324e-01	4.373147e-01	3.895309e-01	3.630152e-01	3.710609e-01	3.833073e-01	4.118147e-01	4.430248e-01	4.407916e-01	3.878555e-01	3.822539e-01	2.501872e-01	2.477065e-01	3.427971e-01	5.032363e-01	4.025688e-01	3.752881e-01	3.852114e-01	3.472820e-01	4.054786e-01	3.811618e-01	4.302566e-01	3.585159e-01	3.679803e-01	3.459770e-01	3.887002e-01	3.570639e-01	4.417430e-01	3.940892e-01	3.785288e-01	4.664270e-01	4.229804e-01	4.200105e-01	4.870685e-02	1.015736e-01	3.636539e-01	5.071622e-01	1.134969e-01	3.417811e-02	1.995559e-01	2.914255e-01	2.397521e-01	1.305248e-01	1.272180e-01	1.379635e-01	1.613409e-01	
2.700217e-01	2.377285e-01	3.162499e-01	1.714684e-01	2.633009e-01	2.460775e-01	2.964321e-01	3.726577e-01	2.389544e-01	1.634399e-01	3.289591e-01	2.154166e-01	2.561929e-01	1.938006e-01	3.096550e-01	2.388975e-01	3.952032e-01	2.190222e-01	4.246556e-01	2.874357e-01	2.475421e-01	3.766504e-01	2.385804e-01	2.466337e-01	2.523370e-01	2.812556e-01	2.418604e-01	1.695321e-01	2.070402e-01	2.725719e-01	2.691595e-01	2.664208e-01	2.498912e-01	2.723231e-01	2.588159e-01	3.390233e-01	3.473397e-01	2.434009e-01	2.590529e-01	3.175920e-01	2.497685e-01	3.245434e-01	3.174172e-01	2.571561e-01	2.511917e-01	2.395412e-01	2.649025e-01	2.641664e-01	3.309834e-01	2.848727e-01	3.330957e-01	3.760486e-01	3.722331e-01	2.418453e-01	2.282865e-01	2.979985e-01	2.367051e-01	3.203362e-01	2.451315e-01	2.124512e-01	2.396320e-01	3.115844e-01	2.591432e-01	2.281327e-01	2.608633e-01	2.262955e-01	2.637479e-01	2.754447e-01	3.702415e-01	2.778163e-01	2.620874e-01	3.667097e-01	3.340377e-01	2.182955e-01	3.471494e-01	2.293203e-01	2.194491e-01	2.112890e-01	2.425425e-01	2.378289e-01	2.610015e-01	3.729566e-01	3.693840e-01	2.588955e-01	2.844403e-01	2.551102e-01	2.592401e-01	2.638198e-01	2.338711e-01	2.650137e-01	3.093225e-01	2.512855e-01	2.667725e-01	2.812751e-01	2.281715e-01	2.777226e-01	2.623844e-01	3.277748e-01	2.781915e-01	2.803546e-01	1.878020e-01	1.550509e-01	2.109770e-01	3.599176e-01	2.962727e-01	2.469219e-01	2.346278e-01	2.152071e-01	2.602284e-01	2.532806e-01	3.200814e-01	2.212729e-01	2.686959e-01	2.480783e-01	2.750193e-01	2.193719e-01	2.765862e-01	2.432320e-01	2.555357e-01	3.016360e-01	2.595117e-01	3.200848e-01	4.325648e-02	9.477545e-02	2.636551e-01	3.426939e-01	1.052009e-01	4.160273e-02	1.605470e-01	2.504778e-01	1.999185e-01	1.288986e-01	1.195953e-01	1.183628e-01	1.384710e-01	
3.019502e-01	2.851601e-01	4.029217e-01	2.142675e-01	4.548020e-01	3.725981e-01	5.162018e-01	4.660142e-01	4.880771e-01	2.708573e-01	4.416613e-01	4.510861e-01	4.235822e-01	4.500934e-01	4.404515e-01	3.778801e-01	2.190222e-01	6.922002e-01	5.257934e-01	4.118897e-01	5.161592e-01	4.949258e-01	2.369449e-01	3.987204e-01	3.753380e-01	4.153785e-01	2.548429e-01	1.749911e-01	5.157503e-01	4.937044e-01	3.890635e-01	3.969561e-01	2.675804e-01	4.313454e-01	4.829112e-01	4.703384e-01	4.450273e-01	2.271174e-01	4.321009e-01	4.625983e-01	3.545664e-01	4.644768e-01	4.705565e-01	5.319022e-01	5.374838e-01	4.100687e-01	4.886126e-01	4.478121e-01	5.172532e-01	5.067350e-01	4.875708e-01	4.844440e-01	3.985595e-01	4.703977e-01	4.821367e-01	5.815460e-01	4.605470e-01	4.047035e-01	3.420793e-01	4.429466e-01	3.855298e-01	4.322526e-01	5.665340e-01	4.958809e-01	4.452205e-01	4.404684e-01	4.536330e-01	4.131161e-01	4.626484e-01	5.359127e-01	4.999625e-01	5.002004e-01	4.280747e-01	3.024659e-01	5.008510e-01	4.986051e-01	2.028331e-01	5.616496e-01	5.096840e-01	2.280974e-01	4.931251e-01	4.637602e-01	5.129379e-01	5.150626e-01	5.484372e-01	4.885597e-01	4.615665e-01	3.598684e-01	2.453263e-01	3.969697e-01	5.257656e-01	4.817073e-01	3.486719e-01	3.946007e-01	5.413559e-01	5.028934e-01	5.996057e-01	4.085823e-01	4.221443e-01	3.868730e-01	2.803909e-01	3.293727e-01	4.609353e-01	5.160438e-01	4.149297e-01	3.923550e-01	4.474500e-01	4.452967e-01	4.532139e-01	4.457531e-01	5.236502e-01	4.654275e-01	4.289364e-01	3.267440e-01	3.807392e-01	4.304936e-01	4.703459e-01	4.979579e-01	3.966857e-01	4.268832e-01	5.303109e-01	3.983310e-01	9.812502e-02	1.241664e-01	3.849570e-01	5.927119e-01	1.402901e-01	8.101122e-02	2.343422e-01	2.907303e-01	2.421629e-01	1.612904e-01	1.484987e-01	1.553070e-01	1.915665e-01	
5.998551e-01	4.939921e-01	7.552039e-01	3.526686e-01	7.262594e-01	6.762865e-01	7.768663e-01	9.633755e-01	5.586987e-01	3.813625e-01	9.012520e-01	4.819729e-01	5.576406e-01	4.489044e-01	7.727012e-01	5.279561e-01	4.246556e-01	5.257934e-01	1.264721e+00	6.749915e-01	6.360833e-01	9.864630e-01	4.952523e-01	5.915704e-01	5.373834e-01	6.743751e-01	4.650410e-01	3.465172e-01	5.609546e-01	6.053202e-01	6.298742e-01	5.722226e-01	5.220288e-01	5.958278e-01	5.945665e-01	9.327936e-01	9.531875e-01	4.684924e-01	6.122275e-01	7.913562e-01	5.429788e-01	8.445138e-01	8.497226e-01	6.414478e-01	6.002694e-01	6.132977e-01	7.008636e-01	6.773363e-01	6.809948e-01	6.580735e-01	8.295561e-01	9.476120e-01	9.393751e-01	5.451363e-01	4.912191e-01	7.053060e-01	5.571168e-01	8.485093e-01	5.169019e-01	4.998780e-01	5.410180e-01	8.239214e-01	5.752102e-01	5.085951e-01	5.712358e-01	5.157897e-01	6.285037e-01	6.511569e-01	9.381517e-01	6.343064e-01	6.353752e-01	8.603974e-01	8.388987e-01	5.409598e-01	9.042129e-01	4.714676e-01	4.341941e-01	4.854568e-01	5.571711e-01	4.677311e-01	6.079493e-01	9.955806e-01	1.024252e+00	6.057524e-01	7.821698e-01	5.439267e-01	5.651873e-01	5.231298e-01	4.789956e-01	7.144477e-01	8.742241e-01	7.316792e-01	5.461443e-01	7.235362e-01	5.005708e-01	7.897727e-01	6.470384e-01	8.231999e-01	6.946401e-01	6.061706e-01	3.976800e-01	4.000916e-01	4.904896e-01	9.304201e-01	6.932752e-01	5.452477e-01	5.574591e-01	4.935910e-01	6.474963e-01	5.547928e-01	8.343560e-01	5.348738e-01	7.431757e-01	5.384199e-01	6.468003e-01	5.105759e-01	6.295700e-01	5.536348e-01	5.765403e-01	6.400316e-01	6.192207e-01	8.655002e-01	7.595537e-02	1.488220e-01	7.105243e-01	8.894132e-01	2.247534e-01	9.594014e-02	3.373937e-01	5.635370e-01	4.231729e-01	2.291196e-01	2.291588e-01	2.218325e-01	2.842755e-01	
4.070835e-01	3.489914e-01	4.983465e-01	2.430213e-01	4.562465e-01	4.071003e-01	5.054440e-01	5.704316e-01	4.473273e-01	2.688982e-01	5.545429e-01	3.792808e-01	4.307222e-01	3.486220e-01	5.283068e-01	3.941295e-01	2.874357e-01	4.118897e-01	6.749915e-01	6.487379e-01	4.590367e-01	6.080563e-01	3.308400e-01	4.365899e-01	3.909821e-01	4.535235e-01	3.179629e-01	2.259038e-01	4.073426e-01	4.772931e-01	4.544981e-01	4.382997e-01	3.515313e-01	4.649913e-01	4.450672e-01	5.798325e-01	5.696329e-01	3.166101e-01	4.540886e-01	5.388624e-01	3.932971e-01	5.617394e-01	5.433205e-01	4.666147e-01	4.449437e-01	4.061654e-01	4.698139e-01	4.352388e-01	5.294589e-01	5.007079e-01	5.787429e-01	6.312970e-01	5.647364e-01	4.033899e-01	4.035343e-01	5.308447e-01	4.388576e-01	5.242965e-01	3.887288e-01	3.586120e-01	4.111187e-01	5.193837e-01	4.694923e-01	3.985363e-01	4.524265e-01	3.793102e-01	4.691310e-01	4.760042e-01	5.896223e-01	4.840081e-01	4.747215e-01	5.738944e-01	5.264617e-01	3.513485e-01	5.797770e-01	4.022946e-01	3.039308e-01	4.091352e-01	4.169213e-01	3.030920e-01	4.581568e-01	5.889468e-01	6.005204e-01	4.708178e-01	5.141288e-01	4.373179e-01	4.430566e-01	4.246391e-01	3.106842e-01	4.429426e-01	5.389986e-01	4.673181e-01	3.960877e-01	4.507254e-01	4.020476e-01	4.944467e-01	4.870605e-01	5.422492e-01	4.899530e-01	4.375755e-01	2.967395e-01	2.815900e-01	3.931860e-01	6.131808e-01	4.885079e-01	4.120099e-01	4.222329e-01	3.878148e-01	4.775191e-01	4.316560e-01	5.102436e-01	3.947284e-01	4.409892e-01	3.742544e-01	4.654294e-01	4.000479e-01	4.800714e-01	4.236169e-01	4.515059e-01	4.986357e-01	4.717649e-01	5.150716e-01	7.071684e-02	1.222242e-01	4.586493e-01	5.762659e-01	1.607319e-01	4.421996e-02	2.530256e-01	3.752378e-01	2.932587e-01	1.750062e-01	1.656146e-01	1.708092e-01	2.156132e-01	
3.634205e-01	3.247893e-01	4.598910e-01	2.470845e-01	5.056765e-01	4.418556e-01	5.592978e-01	5.809595e-01	5.093818e-01	2.957717e-01	5.346068e-01	4.634321e-01	4.534552e-01	4.613253e-01	5.293911e-01	3.880408e-01	2.475421e-01	5.161592e-01	6.360833e-01	4.590367e-01	7.497927e-01	5.946752e-01	2.709798e-01	4.406546e-01	4.002003e-01	4.665907e-01	3.108905e-01	2.158665e-01	5.184509e-01	5.319426e-01	4.396309e-01	4.469774e-01	3.095313e-01	4.760367e-01	5.220952e-01	5.677258e-01	5.512130e-01	2.664896e-01	4.834965e-01	5.286985e-01	3.848572e-01	5.655724e-01	5.687193e-01	5.675309e-01	5.767678e-01	4.576369e-01	5.290510e-01	4.832926e-01	5.736699e-01	5.438992e-01	5.691282e-01	5.936870e-01	5.061479e-01	4.793982e-01	4.877618e-01	6.275078e-01	4.965104e-01	5.008244e-01	3.768445e-01	4.587968e-01	4.089823e-01	5.204447e-01	5.763497e-01	5.217974e-01	4.786054e-01	4.586819e-01	4.962563e-01	4.757915e-01	5.653343e-01	5.697962e-01	5.266434e-01	5.840119e-01	5.163754e-01	3.623584e-01	5.838711e-01	5.131144e-01	2.476616e-01	5.658969e-01	5.136221e-01	2.650391e-01	5.138641e-01	5.656613e-01	6.253976e-01	5.317502e-01	5.958162e-01	5.072490e-01	4.942391e-01	3.933135e-01	2.844153e-01	4.556655e-01	5.897842e-01	5.441676e-01	3.847116e-01	4.600698e-01	5.230925e-01	5.628439e-01	6.305339e-01	4.945814e-01	4.891349e-01	4.195668e-01	3.042575e-01	3.660265e-01	4.858083e-01	6.021351e-01	4.814465e-01	4.391461e-01	4.735222e-01	4.537806e-01	4.964722e-01	4.755796e-01	5.668443e-01	5.001808e-01	5.048760e-01	3.674857e-01	4.446841e-01	4.582922e-01	5.059657e-01	5.292514e-01	4.229295e-01	4.622991e-01	5.523273e-01	4.857892e-01	8.000458e-02	1.338397e-01	4.612792e-01	6.451761e-01	1.545025e-01	8.218586e-02	2.563300e-01	3.474862e-01	2.634455e-01	1.700336e-01	1.649871e-01	1.894007e-01	1.995957e-01	
5.470688e-01	4.455878e-01	6.788159e-01	3.124908e-01	6.736226e-01	6.151008e-01	7.157759e-01	8.660665e-01	5.170860e-01	3.625434e-01	8.299549e-01	4.292862e-01	5.305248e-01	4.256227e-01	6.991800e-01	4.863750e-01	3.766504e-01	4.949258e-01	9.864630e-01	6.080563e-01	5.946752e-01	1.090071e+00	4.517454e-01	5.477751e-01	4.853391e-01	6.072842e-01	4.186716e-01	3.068720e-01	5.119716e-01	5.554765e-01	5.889811e-01	5.252359e-01	4.630899e-01	5.394498e-01	5.398243e-01	8.458632e-01	8.763940e-01	4.336318e-01	5.570832e-01	7.114856e-01	4.889018e-01	7.689972e-01	7.728786e-01	6.015174e-01	5.500324e-01	5.729248e-01	6.475559e-01	6.221089e-01	6.244261e-01	6.025586e-01	7.715773e-01	8.472125e-01	8.764360e-01	5.148252e-01	4.639716e-01	6.604946e-01	5.247635e-01	7.846569e-01	4.802318e-01	4.610542e-01	4.806304e-01	7.326351e-01	5.346747e-01	4.730598e-01	5.354035e-01	4.667994e-01	5.915084e-01	6.053771e-01	8.569712e-01	5.887104e-01	5.946902e-01	7.732859e-01	7.604124e-01	5.057435e-01	8.204531e-01	4.482310e-01	3.938131e-01	4.327693e-01	5.304399e-01	4.141002e-01	5.627963e-01	9.205944e-01	9.329360e-01	5.660149e-01	7.159821e-01	5.311146e-01	5.074460e-01	4.918402e-01	4.348378e-01	6.512627e-01	7.937890e-01	6.755877e-01	4.963257e-01	6.564095e-01	4.784641e-01	7.221922e-01	6.043978e-01	7.446602e-01	6.280756e-01	5.638251e-01	3.469187e-01	3.878014e-01	4.540717e-01	8.502526e-01	6.343894e-01	5.019151e-01	5.207114e-01	4.738162e-01	5.800628e-01	4.965687e-01	7.741266e-01	5.017446e-01	6.827659e-01	4.923549e-01	6.055906e-01	4.940059e-01	5.825147e-01	5.074996e-01	5.445877e-01	5.782587e-01	5.575602e-01	7.955328e-01	8.368382e-02	1.353023e-01	6.563674e-01	8.202766e-01	2.073668e-01	9.283784e-02	3.079926e-01	5.003757e-01	3.806504e-01	1.935439e-01	2.041769e-01	2.046698e-01	2.543656e-01	
