6.080987e-01	3.174068e-01	5.198242e-01	2.269385e-01	4.357341e-01	4.266326e-01	3.962454e-01	6.535804e-01	4.025549e-01	2.728850e-01	5.588377e-01	3.284817e-01	3.993941e-01	3.090882e-01	4.564000e-01	4.656370e-01	3.413289e-01	3.912658e-01	5.716573e-01	3.735369e-01	4.133918e-01	4.877282e-01	3.014045e-01	3.766970e-01	3.979473e-01	4.684946e-01	3.082785e-01	3.370600e-01	3.120463e-01	3.599197e-01	4.173580e-01	3.851510e-01	3.453926e-01	3.624631e-01	5.296750e-01	4.854451e-01	3.375714e-01	4.504967e-01	4.461694e-01	4.342449e-01	4.759340e-01	5.052358e-01	4.028309e-01	3.749740e-01	3.724675e-01	4.183384e-01	4.575010e-01	4.247471e-01	4.592546e-01	6.401284e-01	5.348653e-01	5.275874e-01	3.757647e-01	3.565102e-01	3.518767e-01	3.506568e-01	4.604686e-01	4.513754e-01	3.450601e-01	3.834334e-01	4.496868e-01	3.685249e-01	3.572887e-01	3.777003e-01	3.410854e-01	4.026941e-01	4.938351e-01	5.049952e-01	3.590271e-01	3.937595e-01	5.004482e-01	4.514302e-01	3.782592e-01	5.833704e-01	3.316420e-01	3.243744e-01	3.378205e-01	3.299892e-01	4.013011e-01	3.473080e-01	6.297877e-01	6.244028e-01	3.806367e-01	3.985392e-01	3.672538e-01	3.832296e-01	3.996265e-01	3.695196e-01	4.633534e-01	4.763421e-01	4.683039e-01	4.055628e-01	4.251100e-01	3.564115e-01	4.134740e-01	3.569697e-01	4.681759e-01	4.332272e-01	4.470730e-01	2.033037e-01	2.381122e-01	3.984674e-01	4.772569e-01	4.352289e-01	3.867146e-01	3.238618e-01	3.207722e-01	4.132485e-01	4.393303e-01	5.148548e-01	3.360245e-01	3.819881e-01	3.568193e-01	3.956832e-01	3.329552e-01	4.523935e-01	3.203628e-01	4.107439e-01	3.958703e-01	4.138821e-01	5.377194e-01	5.897915e-02	1.185560e-01	4.610577e-01	4.725543e-01	1.597630e-01	5.228131e-02	1.952578e-01	2.961500e-01	2.849369e-01	1.582153e-01	1.883366e-01	1.668377e-01	1.784877e-01	
3.174068e-01	4.276891e-01	3.775985e-01	1.661776e-01	3.090614e-01	3.178620e-01	2.786020e-01	4.523082e-01	2.941756e-01	2.110892e-01	3.604648e-01	2.345383e-01	2.837922e-01	2.130836e-01	2.986010e-01	3.559886e-01	2.724942e-01	2.630854e-01	3.894657e-01	2.649182e-01	3.098096e-01	3.505901e-01	2.435331e-01	2.539514e-01	3.184876e-01	3.318284e-01	2.524376e-01	2.785138e-01	2.261599e-01	2.565106e-01	3.190450e-01	2.949689e-01	2.606199e-01	2.531953e-01	3.547370e-01	3.473911e-01	2.674887e-01	3.150771e-01	2.984439e-01	2.997357e-01	3.163537e-01	3.522056e-01	2.824684e-01	2.698961e-01	2.582994e-01	2.966299e-01	3.269272e-01	3.052567e-01	3.271994e-01	4.286049e-01	3.581070e-01	3.599176e-01	2.687121e-01	2.343497e-01	2.335762e-01	2.468043e-01	3.109098e-01	3.442228e-01	2.473422e-01	2.930273e-01	2.989460e-01	2.548116e-01	2.448145e-01	3.049194e-01	2.389248e-01	2.683373e-01	3.417405e-01	3.555170e-01	2.755257e-01	2.871833e-01	3.356391e-01	2.961406e-01	2.792176e-01	4.103193e-01	2.478499e-01	2.562948e-01	2.448238e-01	2.142510e-01	3.248868e-01	2.596921e-01	4.418090e-01	4.303939e-01	2.765292e-01	2.838914e-01	2.439739e-01	2.899874e-01	3.127859e-01	2.933977e-01	3.050695e-01	3.242915e-01	3.366435e-01	2.947195e-01	2.785831e-01	2.534144e-01	2.893756e-01	2.573532e-01	3.110317e-01	2.832858e-01	3.585859e-01	1.543136e-01	1.626441e-01	2.746942e-01	3.338655e-01	3.035902e-01	2.841915e-01	2.474900e-01	2.210694e-01	2.799496e-01	3.118796e-01	3.593476e-01	2.388784e-01	2.501414e-01	2.775848e-01	2.761697e-01	2.469894e-01	3.429531e-01	2.350596e-01	3.155928e-01	3.019707e-01	3.016585e-01	3.738909e-01	7.108036e-02	1.035587e-01	3.101724e-01	3.314882e-01	1.265329e-01	6.326191e-02	1.418211e-01	1.983720e-01	2.341894e-01	1.187865e-01	1.483448e-01	1.238924e-01	1.422105e-01	
5.198242e-01	3.775985e-01	8.611168e-01	2.586085e-01	5.591747e-01	5.565221e-01	5.075623e-01	8.444044e-01	5.176017e-01	3.271735e-01	7.207041e-01	4.025818e-01	4.954455e-01	3.785083e-01	5.868703e-01	5.527907e-01	4.153437e-01	4.932370e-01	7.509066e-01	4.737110e-01	5.094767e-01	6.317167e-01	3.644260e-01	4.951584e-01	4.714161e-01	6.179881e-01	3.374734e-01	3.474230e-01	4.190078e-01	4.456889e-01	5.116130e-01	4.449476e-01	4.310222e-01	4.556633e-01	6.830812e-01	6.441710e-01	3.846698e-01	5.789273e-01	5.866086e-01	5.428364e-01	6.259559e-01	6.570181e-01	5.068695e-01	4.797570e-01	4.588699e-01	5.148607e-01	5.443078e-01	5.333099e-01	5.603526e-01	8.413817e-01	7.074147e-01	6.681512e-01	4.688326e-01	4.498790e-01	4.690496e-01	4.417729e-01	6.153850e-01	5.323979e-01	4.359455e-01	4.740826e-01	6.017237e-01	4.568006e-01	4.708590e-01	4.493126e-01	4.260267e-01	5.310774e-01	6.440712e-01	6.748392e-01	4.593759e-01	5.061325e-01	6.661504e-01	5.912310e-01	4.849193e-01	7.640749e-01	4.062191e-01	3.584236e-01	4.048580e-01	4.189649e-01	4.164640e-01	4.207190e-01	8.174394e-01	8.070101e-01	4.798226e-01	4.748230e-01	4.504499e-01	4.572023e-01	4.607200e-01	3.965211e-01	5.959755e-01	5.956055e-01	6.005251e-01	4.796981e-01	5.691164e-01	4.449142e-01	5.183623e-01	4.271721e-01	6.114603e-01	5.593453e-01	5.371048e-01	2.403964e-01	3.131574e-01	4.960928e-01	6.476679e-01	5.926478e-01	4.824185e-01	3.982845e-01	4.096261e-01	5.436335e-01	5.435362e-01	6.377108e-01	4.413287e-01	5.088534e-01	4.144053e-01	5.322187e-01	4.222070e-01	5.680686e-01	4.024685e-01	5.155739e-01	4.793321e-01	5.113134e-01	6.975752e-01	1.007348e-01	1.436279e-01	6.108247e-01	5.783512e-01	2.015842e-01	6.696595e-02	2.434813e-01	3.925794e-01	3.496777e-01	1.848218e-01	2.063351e-01	1.786183e-01	2.264091e-01	
2.269385e-01	1.661776e-01	2.586085e-01	3.290710e-01	2.427773e-01	2.332452e-01	2.256371e-01	3.590478e-01	2.540144e-01	1.570223e-01	3.041975e-01	2.055085e-01	2.562891e-01	2.119103e-01	2.539203e-01	2.590990e-01	1.793743e-01	2.678819e-01	3.083953e-01	2.113381e-01	2.712782e-01	2.560484e-01	1.557673e-01	2.230280e-01	2.420086e-01	2.506240e-01	1.719470e-01	1.773311e-01	2.024281e-01	1.964466e-01	2.434062e-01	1.904470e-01	2.063632e-01	2.131914e-01	2.853773e-01	2.398055e-01	1.812756e-01	2.634126e-01	2.540574e-01	2.499891e-01	2.614451e-01	2.692129e-01	2.381781e-01	2.385832e-01	2.113658e-01	2.405902e-01	2.667014e-01	2.546124e-01	2.697513e-01	3.527858e-01	2.992314e-01	2.762144e-01	2.299418e-01	2.177547e-01	2.126369e-01	2.168952e-01	2.333157e-01	2.593945e-01	2.226098e-01	2.163302e-01	2.404340e-01	2.470405e-01	2.374012e-01	2.302487e-01	2.147716e-01	2.329993e-01	2.794456e-01	2.640692e-01	2.281049e-01	2.587697e-01	2.730096e-01	2.458253e-01	1.975353e-01	3.167633e-01	2.262691e-01	1.662942e-01	2.284998e-01	2.171305e-01	2.202755e-01	2.238504e-01	3.411474e-01	3.281787e-01	2.346813e-01	2.214120e-01	2.257253e-01	2.246004e-01	2.183857e-01	1.907209e-01	2.554689e-01	2.579085e-01	2.718232e-01	2.396256e-01	2.287788e-01	2.365013e-01	2.354313e-01	2.214038e-01	2.499234e-01	2.381107e-01	2.638080e-01	1.195319e-01	1.419720e-01	2.531413e-01	2.648843e-01	2.305512e-01	2.307340e-01	1.935226e-01	2.081822e-01	2.348668e-01	2.686134e-01	2.727974e-01	2.235823e-01	2.149995e-01	2.158314e-01	2.157047e-01	1.888192e-01	2.682234e-01	1.958936e-01	2.415839e-01	2.285681e-01	2.624918e-01	2.844057e-01	3.667173e-02	7.461841e-02	2.551560e-01	2.658685e-01	9.159940e-02	4.121142e-02	9.321817e-02	1.528262e-01	1.606417e-01	9.223430e-02	7.896193e-02	1.077776e-01	1.054382e-01	
4.357341e-01	3.090614e-01	5.591747e-01	2.427773e-01	7.981200e-01	5.825528e-01	5.571137e-01	7.630637e-01	4.523169e-01	2.899055e-01	6.642450e-01	3.901037e-01	4.468627e-01	3.897272e-01	5.098826e-01	4.726876e-01	3.293524e-01	5.131083e-01	6.830470e-01	4.255520e-01	5.071933e-01	5.704619e-01	2.835789e-01	3.794108e-01	3.786591e-01	5.338592e-01	2.941691e-01	3.401731e-01	4.212012e-01	3.742837e-01	4.379622e-01	3.425278e-01	3.626035e-01	3.795599e-01	6.182337e-01	5.674911e-01	3.314994e-01	4.892124e-01	4.890423e-01	4.757467e-01	5.060183e-01	5.798614e-01	4.850621e-01	4.824446e-01	4.707710e-01	5.476878e-01	6.194760e-01	4.230682e-01	4.779338e-01	7.039497e-01	5.860240e-01	6.233091e-01	4.470048e-01	3.739761e-01	4.538846e-01	3.575985e-01	5.319761e-01	4.295504e-01	4.199859e-01	4.375054e-01	5.361425e-01	4.113846e-01	4.293017e-01	3.970024e-01	4.198889e-01	4.611371e-01	5.530863e-01	6.019888e-01	4.509285e-01	4.616544e-01	5.427049e-01	5.033494e-01	4.090794e-01	6.643560e-01	3.953962e-01	2.946416e-01	4.312112e-01	4.196007e-01	3.655517e-01	3.814740e-01	7.525879e-01	7.435719e-01	4.589209e-01	5.014182e-01	4.204042e-01	4.162057e-01	3.903888e-01	3.317154e-01	5.844438e-01	6.286899e-01	6.413267e-01	4.300978e-01	4.818078e-01	4.570146e-01	5.615504e-01	4.373415e-01	4.872735e-01	4.777602e-01	4.628966e-01	2.238759e-01	3.251634e-01	4.906433e-01	5.601564e-01	4.999962e-01	4.048311e-01	3.600692e-01	4.024535e-01	4.552070e-01	4.397626e-01	6.679078e-01	4.730822e-01	5.226970e-01	3.752037e-01	4.131328e-01	3.518463e-01	4.791952e-01	3.752119e-01	4.503771e-01	4.345334e-01	4.662660e-01	6.526447e-01	1.323885e-01	1.128952e-01	5.724966e-01	6.088958e-01	1.666158e-01	1.181567e-01	2.100812e-01	3.233426e-01	2.892992e-01	1.781324e-01	1.961239e-01	1.692551e-01	2.058007e-01	
4.266326e-01	3.178620e-01	5.565221e-01	2.332452e-01	5.825528e-01	7.187118e-01	5.307341e-01	7.358309e-01	4.334760e-01	2.916243e-01	6.509817e-01	3.682532e-01	4.193078e-01	3.625413e-01	4.842342e-01	4.606697e-01	3.189285e-01	4.750933e-01	6.560176e-01	4.155141e-01	4.734701e-01	5.554658e-01	2.861506e-01	3.941443e-01	3.793725e-01	5.091647e-01	2.892387e-01	3.203355e-01	3.847085e-01	3.475653e-01	4.158159e-01	3.650509e-01	3.608013e-01	3.558801e-01	6.071553e-01	5.451173e-01	3.200515e-01	4.838269e-01	4.757006e-01	4.506971e-01	5.065314e-01	5.640285e-01	4.577862e-01	4.549767e-01	4.378328e-01	5.030472e-01	5.801982e-01	4.385137e-01	4.695203e-01	6.847994e-01	5.848385e-01	5.929192e-01	4.120133e-01	3.662973e-01	4.371818e-01	3.575831e-01	5.279788e-01	4.243208e-01	3.892513e-01	4.301191e-01	5.346662e-01	3.952263e-01	4.006848e-01	3.896553e-01	3.863556e-01	4.436164e-01	5.415858e-01	5.865468e-01	4.164503e-01	4.365309e-01	5.328004e-01	4.957649e-01	3.942096e-01	6.620942e-01	3.693220e-01	2.973829e-01	3.966494e-01	3.902760e-01	3.549936e-01	3.637358e-01	7.366663e-01	7.215716e-01	4.307229e-01	4.755940e-01	3.925692e-01	3.989520e-01	3.845486e-01	3.470878e-01	5.487870e-01	5.846758e-01	5.830388e-01	3.933729e-01	4.697654e-01	4.125100e-01	5.171189e-01	3.956610e-01	4.817681e-01	4.641309e-01	4.351601e-01	2.029412e-01	2.804154e-01	4.673371e-01	5.429675e-01	4.893690e-01	3.633187e-01	3.397414e-01	3.688941e-01	4.372554e-01	4.416336e-01	6.242977e-01	4.202668e-01	4.995891e-01	3.705601e-01	4.340340e-01	3.440796e-01	4.756487e-01	3.573652e-01	4.390089e-01	4.089997e-01	4.498699e-01	6.178770e-01	1.238670e-01	1.228887e-01	5.537649e-01	5.803057e-01	1.579007e-01	1.203373e-01	2.150300e-01	3.238317e-01	2.763981e-01	1.854450e-01	2.116808e-01	1.758196e-01	2.088869e-01	
3.962454e-01	2.786020e-01	5.075623e-01	2.256371e-01	5.571137e-01	5.307341e-01	7.204541e-01	6.853112e-01	4.388913e-01	2.697712e-01	6.001888e-01	3.709417e-01	4.339030e-01	3.690893e-01	4.737480e-01	4.441733e-01	2.846787e-01	4.896737e-01	6.087673e-01	3.764691e-01	4.854622e-01	5.188295e-01	2.458311e-01	3.814141e-01	3.573955e-01	4.831779e-01	2.614796e-01	3.102667e-01	3.917859e-01	3.442340e-01	4.201303e-01	3.194723e-01	3.403149e-01	3.576843e-01	5.572093e-01	5.225128e-01	3.001658e-01	4.540711e-01	4.690432e-01	4.373692e-01	4.579549e-01	5.356462e-01	4.663373e-01	4.486582e-01	4.438678e-01	4.978224e-01	5.597067e-01	4.353282e-01	4.653858e-01	6.527490e-01	5.576885e-01	5.499332e-01	4.049163e-01	3.702685e-01	4.231596e-01	3.454767e-01	4.755334e-01	3.862248e-01	3.907059e-01	3.974812e-01	4.974334e-01	4.091904e-01	4.033943e-01	3.788600e-01	4.108604e-01	4.261121e-01	5.044785e-01	5.433693e-01	4.156999e-01	4.338548e-01	5.074003e-01	4.786466e-01	3.624741e-01	6.023028e-01	3.654321e-01	2.681589e-01	4.009503e-01	3.830210e-01	3.416492e-01	3.665096e-01	6.787080e-01	6.660618e-01	4.387392e-01	4.604066e-01	3.881133e-01	3.979598e-01	3.564072e-01	3.129907e-01	5.104843e-01	5.693969e-01	5.818624e-01	3.774337e-01	4.462255e-01	4.301804e-01	5.196795e-01	4.131807e-01	4.484181e-01	4.425692e-01	4.133534e-01	2.087612e-01	2.758250e-01	4.573465e-01	5.142038e-01	4.722829e-01	3.548566e-01	3.335902e-01	3.704401e-01	4.224535e-01	4.316231e-01	5.996893e-01	4.464723e-01	4.804799e-01	3.335884e-01	4.070574e-01	3.416056e-01	4.415137e-01	3.474033e-01	4.125117e-01	3.891118e-01	4.378193e-01	5.863789e-01	1.281648e-01	9.938894e-02	5.259278e-01	5.578785e-01	1.662380e-01	1.106544e-01	1.831309e-01	3.043122e-01	2.532022e-01	1.667336e-01	1.775664e-01	1.520841e-01	2.101704e-01	
6.535804e-01	4.523082e-01	8.444044e-01	3.590478e-01	7.630637e-01	7.358309e-01	6.853112e-01	1.270028e+00	6.651362e-01	4.079986e-01	9.677637e-01	5.196096e-01	6.272671e-01	4.966728e-01	7.545144e-01	6.822342e-01	5.051605e-01	6.535476e-01	9.830781e-01	5.864950e-01	6.531952e-01	8.115337e-01	4.499693e-01	6.084250e-01	5.540570e-01	7.596756e-01	4.024576e-01	4.457463e-01	5.235842e-01	5.550534e-01	6.310626e-01	5.312021e-01	5.193730e-01	5.577381e-01	8.919667e-01	8.305000e-01	4.790997e-01	7.043685e-01	7.411989e-01	6.916477e-01	7.701680e-01	8.443842e-01	6.576473e-01	6.004879e-01	6.102442e-01	6.981938e-01	7.552403e-01	6.498992e-01	6.811961e-01	1.058650e+00	8.954251e-01	8.764403e-01	5.938847e-01	5.460356e-01	5.795920e-01	5.468082e-01	7.949916e-01	6.357787e-01	5.630945e-01	5.888888e-01	7.689065e-01	5.789844e-01	5.680659e-01	5.440929e-01	5.466382e-01	6.613323e-01	7.898151e-01	8.583049e-01	5.909642e-01	6.388273e-01	8.318268e-01	7.493620e-01	5.923085e-01	9.585399e-01	5.010901e-01	4.267339e-01	5.404637e-01	5.410549e-01	5.221676e-01	5.171219e-01	1.061553e+00	1.061453e+00	6.341512e-01	6.314986e-01	5.573261e-01	5.743133e-01	5.688011e-01	4.921145e-01	7.559363e-01	7.948609e-01	8.027083e-01	6.020819e-01	7.108539e-01	5.871796e-01	6.865986e-01	5.586174e-01	7.639138e-01	7.093028e-01	6.645856e-01	3.165406e-01	4.021652e-01	6.412602e-01	8.142765e-01	7.397557e-01	5.805783e-01	4.873912e-01	5.143591e-01	6.712936e-01	6.678324e-01	8.488037e-01	5.910247e-01	6.827456e-01	5.202985e-01	6.578494e-01	4.944330e-01	6.866726e-01	5.056222e-01	6.199995e-01	5.831859e-01	6.430551e-01	9.091090e-01	1.233580e-01	1.701818e-01	7.929956e-01	7.780159e-01	2.326998e-01	1.071193e-01	2.975906e-01	4.880669e-01	4.316746e-01	2.324493e-01	2.639519e-01	2.219212e-01	2.840107e-01	
4.025549e-01	2.941756e-01	5.176017e-01	2.540144e-01	4.523169e-01	4.334760e-01	4.388913e-01	6.651362e-01	7.461918e-01	3.183317e-01	5.554105e-01	4.446073e-01	5.236018e-01	4.753104e-01	5.240780e-01	5.224984e-01	3.341310e-01	5.705907e-01	5.828850e-01	4.264771e-01	5.863213e-01	4.851530e-01	2.792329e-01	4.420928e-01	4.322432e-01	5.156368e-01	2.696398e-01	2.538118e-01	4.621409e-01	3.843264e-01	4.847652e-01	3.488555e-01	4.425419e-01	4.692278e-01	5.305753e-01	4.741981e-01	2.915781e-01	5.598721e-01	4.974680e-01	5.464441e-01	4.932324e-01	5.304242e-01	5.031973e-01	5.267428e-01	4.300908e-01	4.684776e-01	4.853121e-01	5.305963e-01	5.650910e-01	6.888490e-01	5.583486e-01	4.905474e-01	4.937631e-01	5.000522e-01	5.284139e-01	4.782624e-01	4.481827e-01	4.827407e-01	4.882247e-01	4.219951e-01	4.850212e-01	5.683814e-01	5.395750e-01	4.833891e-01	4.826720e-01	4.962399e-01	5.702564e-01	4.709136e-01	5.153465e-01	5.508124e-01	5.639345e-01	4.665837e-01	3.953008e-01	5.826590e-01	4.896166e-01	2.598241e-01	5.057326e-01	4.889737e-01	3.447946e-01	4.540037e-01	6.145817e-01	6.169450e-01	5.204762e-01	4.025283e-01	4.857961e-01	4.923005e-01	4.164595e-01	2.976230e-01	4.862915e-01	4.982174e-01	5.177898e-01	4.306487e-01	4.692605e-01	5.452219e-01	4.421726e-01	5.039559e-01	4.621126e-01	4.752948e-01	4.710154e-01	2.119590e-01	3.257142e-01	5.469007e-01	5.300930e-01	4.780069e-01	4.795579e-01	4.141266e-01	4.733458e-01	4.896949e-01	5.717125e-01	5.129864e-01	4.851041e-01	4.042859e-01	3.621197e-01	4.316252e-01	4.280261e-01	5.638340e-01	4.189392e-01	5.112252e-01	4.403571e-01	5.351528e-01	5.156053e-01	7.250921e-02	1.380423e-01	5.193977e-01	5.067963e-01	1.626968e-01	4.930209e-02	2.341687e-01	2.750045e-01	2.787401e-01	1.667670e-01	1.786552e-01	1.735175e-01	2.100373e-01	
2.728850e-01	2.110892e-01	3.271735e-01	1.570223e-01	2.899055e-01	2.916243e-01	2.697712e-01	4.079986e-01	3.183317e-01	3.818212e-01	3.566825e-01	2.732236e-01	3.013473e-01	2.683509e-01	2.953088e-01	3.248961e-01	2.168843e-01	3.275050e-01	3.602700e-01	2.554321e-01	3.430924e-01	3.049045e-01	1.992555e-01	2.608082e-01	2.925677e-01	3.083010e-01	2.121038e-01	2.073794e-01	2.712493e-01	2.251869e-01	3.073470e-01	2.484042e-01	2.677453e-01	2.679642e-01	3.316148e-01	2.930993e-01	2.163030e-01	3.317952e-01	2.979001e-01	3.272093e-01	3.119109e-01	3.299366e-01	3.022722e-01	3.131893e-01	2.589378e-01	2.913589e-01	3.222173e-01	3.084119e-01	3.350717e-01	4.005305e-01	3.404303e-01	3.253537e-01	2.909603e-01	2.796550e-01	2.966399e-01	2.676647e-01	2.714194e-01	3.009025e-01	2.781800e-01	2.720761e-01	2.872281e-01	3.167454e-01	3.033929e-01	2.966148e-01	2.681172e-01	2.931192e-01	3.530398e-01	3.139694e-01	2.910083e-01	3.075142e-01	3.370022e-01	2.758229e-01	2.528179e-01	3.498957e-01	2.887701e-01	2.004516e-01	2.907480e-01	2.617852e-01	2.570690e-01	2.688397e-01	3.949183e-01	3.830584e-01	3.012929e-01	2.723499e-01	2.812437e-01	2.935625e-01	2.734854e-01	2.294860e-01	2.972704e-01	3.330565e-01	3.223263e-01	2.843724e-01	2.888700e-01	3.070910e-01	2.838537e-01	3.117877e-01	2.868737e-01	2.831672e-01	3.075595e-01	1.554804e-01	1.862833e-01	3.207002e-01	3.275557e-01	2.760900e-01	2.964558e-01	2.620304e-01	2.595415e-01	2.914943e-01	3.294839e-01	3.217758e-01	2.917725e-01	2.563192e-01	2.445254e-01	2.600985e-01	2.522514e-01	3.460248e-01	2.494071e-01	3.263128e-01	2.844804e-01	3.162556e-01	3.263003e-01	4.498654e-02	8.394941e-02	3.112808e-01	3.270869e-01	9.705599e-02	3.604838e-02	1.350550e-01	1.736380e-01	1.804526e-01	1.056554e-01	1.305410e-01	1.100499e-01	1.222599e-01	
5.588377e-01	3.604648e-01	7.207041e-01	3.041975e-01	6.642450e-01	6.509817e-01	6.001888e-01	9.677637e-01	5.554105e-01	3.566825e-01	1.005846e+00	4.501104e-01	5.375715e-01	4.300375e-01	6.541171e-01	5.627161e-01	4.029423e-01	5.641023e-01	8.532196e-01	5.115917e-01	5.710123e-01	7.062094e-01	3.682378e-01	5.248688e-01	4.576703e-01	6.568328e-01	3.549799e-01	3.693545e-01	4.499783e-01	4.656556e-01	5.295398e-01	4.352282e-01	4.264018e-01	4.742836e-01	7.629446e-01	7.190388e-01	3.896732e-01	6.069127e-01	6.519266e-01	5.922784e-01	6.866530e-01	7.192903e-01	5.511186e-01	5.234844e-01	5.346255e-01	6.017627e-01	6.484198e-01	5.261123e-01	5.853065e-01	9.159971e-01	7.715013e-01	7.484149e-01	5.036826e-01	4.654630e-01	5.117850e-01	4.544746e-01	6.923164e-01	5.244246e-01	4.678755e-01	4.883590e-01	6.806772e-01	4.983706e-01	4.956560e-01	4.619291e-01	4.754433e-01	5.646219e-01	6.738387e-01	7.439728e-01	4.961175e-01	5.373445e-01	7.172167e-01	6.426921e-01	5.115960e-01	8.220546e-01	4.380028e-01	3.510602e-01	4.668121e-01	4.812090e-01	4.430195e-01	4.461555e-01	9.379860e-01	9.226612e-01	5.182488e-01	5.565626e-01	5.008564e-01	4.832114e-01	4.725592e-01	4.005964e-01	6.730255e-01	6.858841e-01	6.969153e-01	4.971330e-01	6.141108e-01	4.886947e-01	5.974638e-01	4.734788e-01	6.593328e-01	6.244408e-01	5.352056e-01	2.718796e-01	3.453692e-01	5.592480e-01	7.201509e-01	6.445978e-01	4.771106e-01	4.174479e-01	4.405606e-01	5.810705e-01	5.567394e-01	7.343723e-01	5.072319e-01	5.900902e-01	4.278094e-01	5.646779e-01	4.244115e-01	5.706332e-01	4.324381e-01	5.262320e-01	5.021683e-01	5.450309e-01	7.883550e-01	1.041218e-01	1.591881e-01	6.853556e-01	6.831475e-01	1.985778e-01	1.028450e-01	2.543832e-01	4.262866e-01	3.430676e-01	2.104865e-01	2.299012e-01	1.977646e-01	2.409231e-01	
3.284817e-01	2.345383e-01	4.025818e-01	2.055085e-01	3.901037e-01	3.682532e-01	3.709417e-01	5.196096e-01	4.446073e-01	2.732236e-01	4.501104e-01	5.603472e-01	4.284752e-01	3.987862e-01	4.012229e-01	4.224558e-01	2.452940e-01	4.969930e-01	4.573313e-01	3.182168e-01	4.935095e-01	3.686029e-01	2.171220e-01	3.283621e-01	3.530555e-01	4.197676e-01	2.342325e-01	2.242119e-01	4.021939e-01	2.874197e-01	4.023112e-01	2.747330e-01	3.631207e-01	3.642241e-01	4.258916e-01	3.512601e-01	2.427977e-01	4.480702e-01	3.757470e-01	4.251666e-01	3.839542e-01	4.279859e-01	4.323606e-01	4.594899e-01	3.478988e-01	4.041860e-01	4.156528e-01	4.219644e-01	4.746522e-01	5.282402e-01	4.247940e-01	3.882736e-01	3.886611e-01	4.100714e-01	4.265527e-01	3.750021e-01	3.269085e-01	3.786062e-01	3.853261e-01	3.339030e-01	3.723460e-01	4.713793e-01	4.400789e-01	3.779249e-01	4.081868e-01	3.995668e-01	4.519693e-01	3.771483e-01	4.161993e-01	4.418561e-01	4.397419e-01	3.571620e-01	2.978052e-01	4.499613e-01	4.177639e-01	2.074728e-01	4.274115e-01	3.967567e-01	3.026733e-01	3.688150e-01	4.942438e-01	4.672579e-01	4.206038e-01	3.430399e-01	4.055655e-01	4.038162e-01	3.433440e-01	2.463614e-01	4.072290e-01	4.151857e-01	4.301137e-01	3.401954e-01	3.724985e-01	4.580947e-01	3.977508e-01	4.174425e-01	3.535253e-01	3.716602e-01	3.792007e-01	1.966997e-01	2.683547e-01	4.546504e-01	4.253882e-01	3.723606e-01	3.835402e-01	3.575938e-01	3.968470e-01	3.864108e-01	4.420388e-01	4.265371e-01	4.132019e-01	3.301234e-01	2.886562e-01	3.257233e-01	3.553077e-01	4.342914e-01	3.660825e-01	4.237243e-01	3.614117e-01	4.322152e-01	4.236739e-01	6.901572e-02	1.223073e-01	4.139119e-01	4.116641e-01	1.415567e-01	5.618290e-02	1.899929e-01	2.337635e-01	2.337488e-01	1.540124e-01	1.646124e-01	1.576375e-01	1.927899e-01	
3.993941e-01	2.837922e-01	4.954455e-01	2.562891e-01	4.468627e-01	4.193078e-01	4.339030e-01	6.272671e-01	5.236018e-01	3.013473e-01	5.375715e-01	4.284752e-01	6.970465e-01	4.526024e-01	4.870173e-01	4.938918e-01	3.074546e-01	5.509463e-01	5.665272e-01	4.057210e-01	5.627039e-01	4.665023e-01	2.682841e-01	4.286886e-01	4.250832e-01	4.950216e-01	2.503048e-01	2.546347e-01	4.466399e-01	3.676571e-01	4.858123e-01	3.114192e-01	4.154278e-01	4.450397e-01	5.249814e-01	4.348575e-01	2.868321e-01	5.244407e-01	4.718983e-01	5.237191e-01	4.836863e-01	5.430445e-01	4.996284e-01	5.093629e-01	4.234570e-01	4.711422e-01	4.898601e-01	5.045820e-01	5.599459e-01	6.806248e-01	5.442031e-01	4.737578e-01	4.632222e-01	4.670888e-01	4.951870e-01	4.512207e-01	4.184639e-01	4.709238e-01	4.548913e-01	4.075707e-01	4.540612e-01	5.466735e-01	5.206378e-01	4.554196e-01	4.514368e-01	4.820403e-01	5.620000e-01	4.603262e-01	4.793266e-01	5.172769e-01	5.443807e-01	4.391172e-01	3.666022e-01	5.606283e-01	4.701350e-01	2.528468e-01	4.615719e-01	4.610497e-01	3.278692e-01	4.476063e-01	5.934200e-01	5.771169e-01	4.801903e-01	3.957027e-01	4.487333e-01	4.674437e-01	3.908544e-01	2.906637e-01	4.627135e-01	4.906213e-01	4.877131e-01	4.071070e-01	4.597565e-01	5.246215e-01	4.278312e-01	4.733623e-01	4.476125e-01	4.512148e-01	4.528053e-01	2.114177e-01	3.102966e-01	5.222160e-01	5.146868e-01	4.521829e-01	4.547544e-01	3.998272e-01	4.440326e-01	4.743669e-01	5.413645e-01	4.884863e-01	4.495123e-01	3.852759e-01	3.517688e-01	4.112448e-01	4.162512e-01	5.253941e-01	4.030666e-01	4.985014e-01	4.295765e-01	4.934579e-01	5.061631e-01	6.683534e-02	1.094227e-01	5.171241e-01	4.702229e-01	1.505128e-01	3.491978e-02	2.134485e-01	2.844018e-01	2.699422e-01	1.522531e-01	1.701810e-01	1.599886e-01	2.149892e-01	
3.090882e-01	2.130836e-01	3.785083e-01	2.119103e-01	3.897272e-01	3.625413e-01	3.690893e-01	4.966728e-01	4.753104e-01	2.683509e-01	4.300375e-01	3.987862e-01	4.526024e-01	6.280486e-01	4.072122e-01	4.234888e-01	2.357541e-01	5.249614e-01	4.414123e-01	3.276495e-01	5.265818e-01	3.615552e-01	1.975399e-01	3.311603e-01	3.500772e-01	4.028109e-01	2.156196e-01	1.970518e-01	4.339167e-01	3.002649e-01	3.932847e-01	2.488025e-01	3.747641e-01	3.817987e-01	4.006058e-01	3.330358e-01	2.202743e-01	4.605194e-01	3.869673e-01	4.412866e-01	3.799966e-01	4.309223e-01	4.568952e-01	4.868736e-01	3.697924e-01	4.111366e-01	4.422396e-01	4.480867e-01	4.985603e-01	5.400792e-01	4.167356e-01	3.552582e-01	4.430592e-01	4.453631e-01	4.832457e-01	3.971509e-01	3.154750e-01	3.568812e-01	4.156909e-01	3.430802e-01	3.769597e-01	5.118078e-01	4.944062e-01	3.901690e-01	4.483786e-01	4.035762e-01	4.780196e-01	3.481740e-01	4.671682e-01	4.873577e-01	4.337803e-01	3.557872e-01	2.817099e-01	4.458502e-01	4.565728e-01	1.904913e-01	4.773889e-01	4.475266e-01	2.572894e-01	3.961659e-01	4.623619e-01	4.571393e-01	4.370557e-01	3.578308e-01	4.168495e-01	4.115175e-01	3.225261e-01	2.233268e-01	3.858833e-01	4.100619e-01	4.354556e-01	3.429245e-01	3.778095e-01	5.112518e-01	3.851173e-01	4.469342e-01	3.383227e-01	3.712710e-01	3.760419e-01	1.955165e-01	2.891132e-01	4.942932e-01	4.180117e-01	3.596606e-01	3.907961e-01	3.679969e-01	4.363130e-01	3.795063e-01	4.625466e-01	4.288609e-01	4.226779e-01	3.194464e-01	2.799055e-01	3.320981e-01	3.659838e-01	4.605354e-01	3.796645e-01	4.279066e-01	3.640740e-01	4.559268e-01	3.741419e-01	6.543162e-02	9.809945e-02	4.149062e-01	4.223854e-01	1.302331e-01	4.978126e-02	2.060030e-01	2.205092e-01	2.205542e-01	1.472108e-01	1.479191e-01	1.668563e-01	1.928966e-01	
4.564000e-01	2.986010e-01	5.868703e-01	2.539203e-01	5.098826e-01	4.842342e-01	4.737480e-01	7.545144e-01	5.240780e-01	2.953088e-01	6.541171e-01	4.012229e-01	4.870173e-01	4.072122e-01	7.331280e-01	4.959363e-01	3.372991e-01	5.105295e-01	6.725322e-01	4.261416e-01	5.193002e-01	5.551414e-01	2.947332e-01	4.507279e-01	4.080403e-01	5.753723e-01	2.647207e-01	2.767104e-01	4.150783e-01	4.024330e-01	4.708975e-01	3.632022e-01	4.092986e-01	4.329820e-01	6.203761e-01	5.527856e-01	3.252605e-01	5.427226e-01	5.603450e-01	5.373844e-01	5.677017e-01	5.972514e-01	4.971569e-01	4.589275e-01	4.282416e-01	4.948021e-01	5.368786e-01	4.943597e-01	5.432054e-01	7.711710e-01	6.424043e-01	5.884576e-01	4.570044e-01	4.484074e-01	4.800500e-01	4.176670e-01	5.283341e-01	4.690350e-01	4.365794e-01	4.182291e-01	5.364994e-01	4.666051e-01	4.671371e-01	4.381158e-01	4.377225e-01	4.978219e-01	5.841902e-01	5.631078e-01	4.568193e-01	5.031866e-01	6.293027e-01	5.221079e-01	4.324446e-01	6.701836e-01	4.171372e-01	2.895862e-01	4.209456e-01	4.277757e-01	3.551385e-01	4.180146e-01	7.165572e-01	7.111477e-01	4.808983e-01	4.419511e-01	4.529606e-01	4.337354e-01	4.217944e-01	3.276459e-01	5.502263e-01	5.465973e-01	5.654716e-01	4.313561e-01	5.100090e-01	4.712427e-01	4.830031e-01	4.373122e-01	5.333441e-01	5.260442e-01	4.744622e-01	2.230308e-01	3.159724e-01	4.994996e-01	6.003366e-01	5.290848e-01	4.601864e-01	3.746962e-01	4.298710e-01	5.066975e-01	5.148315e-01	5.866822e-01	4.430365e-01	4.540196e-01	3.661478e-01	4.902099e-01	4.007358e-01	5.183884e-01	3.809985e-01	4.860820e-01	4.434386e-01	5.030894e-01	5.960543e-01	6.965246e-02	1.277386e-01	5.694798e-01	5.425091e-01	1.690759e-01	6.074695e-02	2.149197e-01	3.450464e-01	2.956082e-01	1.795181e-01	1.717012e-01	1.728147e-01	2.092636e-01	
4.656370e-01	3.559886e-01	5.527907e-01	2.590990e-01	4.726876e-01	4.606697e-01	4.441733e-01	6.822342e-01	5.224984e-01	3.248961e-01	5.627161e-01	4.224558e-01	4.938918e-01	4.234888e-01	4.959363e-01	7.489841e-01	3.831211e-01	5.262776e-01	5.777400e-01	4.135298e-01	5.411131e-01	4.987897e-01	3.294805e-01	4.326403e-01	4.673297e-01	5.181354e-01	3.356852e-01	3.458311e-01	4.074095e-01	3.938460e-01	5.244218e-01	4.267084e-01	4.425426e-01	4.372831e-01	5.507518e-01	4.832804e-01	3.660120e-01	5.550028e-01	4.876240e-01	5.194067e-01	4.881686e-01	5.442959e-01	4.973095e-01	4.875800e-01	4.242531e-01	4.894190e-01	5.318963e-01	5.297300e-01	5.714814e-01	6.936113e-01	5.683007e-01	5.325954e-01	4.810039e-01	4.630082e-01	4.681020e-01	4.441271e-01	4.477813e-01	5.306158e-01	4.574739e-01	4.528086e-01	4.592001e-01	5.028004e-01	4.829305e-01	4.795120e-01	4.374396e-01	4.789437e-01	5.756365e-01	4.904973e-01	4.877940e-01	5.265361e-01	5.486484e-01	4.580177e-01	3.892639e-01	5.891489e-01	4.635345e-01	3.554278e-01	4.528443e-01	4.301095e-01	4.266586e-01	4.442515e-01	6.482390e-01	6.321623e-01	4.814700e-01	4.289580e-01	4.410372e-01	4.927485e-01	4.725304e-01	3.891545e-01	4.881411e-01	5.188910e-01	5.143077e-01	4.728517e-01	4.689478e-01	5.061430e-01	4.656174e-01	4.648215e-01	4.679722e-01	4.564095e-01	5.271338e-01	2.527315e-01	3.029882e-01	5.096729e-01	5.295421e-01	4.734100e-01	4.805654e-01	4.149490e-01	4.327091e-01	4.709717e-01	5.451327e-01	5.419866e-01	4.391791e-01	3.863310e-01	4.138281e-01	4.273257e-01	4.175782e-01	5.624771e-01	3.962339e-01	5.100371e-01	4.925895e-01	5.116202e-01	5.474035e-01	7.657717e-02	1.140335e-01	5.031560e-01	5.119029e-01	1.467798e-01	4.154233e-02	2.157007e-01	3.046697e-01	3.143078e-01	1.596323e-01	1.959065e-01	1.847478e-01	2.016365e-01	
3.413289e-01	2.724942e-01	4.153437e-01	1.793743e-01	3.293524e-01	3.189285e-01	2.846787e-01	5.051605e-01	3.341310e-01	2.168843e-01	4.029423e-01	2.452940e-01	3.074546e-01	2.357541e-01	3.372991e-01	3.831211e-01	4.866877e-01	2.933293e-01	4.255040e-01	3.034157e-01	3.150554e-01	3.622095e-01	2.662269e-01	3.017837e-01	3.335416e-01	3.546840e-01	2.641452e-01	2.863226e-01	2.348078e-01	2.859282e-01	3.386611e-01	3.155724e-01	2.797844e-01	2.794166e-01	3.893136e-01	3.735661e-01	2.827083e-01	3.610863e-01	3.433027e-01	3.409800e-01	3.412584e-01	3.816949e-01	3.037297e-01	2.748779e-01	2.770099e-01	3.052538e-01	3.204126e-01	3.369906e-01	3.464747e-01	4.692135e-01	4.042870e-01	3.984241e-01	3.018868e-01	2.702278e-01	2.633457e-01	2.770924e-01	3.447149e-01	3.733058e-01	2.678092e-01	3.100338e-01	3.179361e-01	2.869893e-01	2.690452e-01	3.112492e-01	2.407647e-01	3.157172e-01	3.765533e-01	3.844092e-01	2.948763e-01	3.192470e-01	3.733241e-01	3.235563e-01	2.888993e-01	4.391979e-01	2.574821e-01	2.784605e-01	2.612727e-01	2.448977e-01	3.262013e-01	2.751922e-01	4.723078e-01	4.620467e-01	2.841265e-01	2.905449e-01	2.649927e-01	2.985404e-01	3.357898e-01	3.181183e-01	3.227970e-01	3.377173e-01	3.384905e-01	3.316121e-01	3.190017e-01	2.849948e-01	2.959769e-01	2.755885e-01	3.366073e-01	3.144077e-01	3.657269e-01	1.747012e-01	1.863267e-01	2.963071e-01	3.579116e-01	3.309365e-01	3.191042e-01	2.620754e-01	2.427132e-01	3.139057e-01	3.573946e-01	3.675948e-01	2.589147e-01	2.568194e-01	2.991568e-01	3.056758e-01	2.654017e-01	3.726643e-01	2.507100e-01	3.262596e-01	3.201042e-01	3.115259e-01	4.031527e-01	4.510543e-02	9.428047e-02	3.303243e-01	3.474463e-01	1.212893e-01	1.547796e-02	1.576635e-01	2.239377e-01	2.341338e-01	1.139282e-01	1.398229e-01	1.233224e-01	1.402105e-01	
3.912658e-01	2.630854e-01	4.932370e-01	2.678819e-01	5.131083e-01	4.750933e-01	4.896737e-01	6.535476e-01	5.705907e-01	3.275050e-01	5.641023e-01	4.969930e-01	5.509463e-01	5.249614e-01	5.105295e-01	5.262776e-01	2.933293e-01	8.053135e-01	5.895350e-01	4.089990e-01	6.479351e-01	4.622361e-01	2.600113e-01	4.147406e-01	4.187219e-01	5.132580e-01	2.595733e-01	2.493030e-01	5.372065e-01	3.700371e-01	4.990939e-01	3.144795e-01	4.582177e-01	4.702294e-01	5.309309e-01	4.451095e-01	2.800350e-01	5.712288e-01	4.771835e-01	5.514227e-01	4.911827e-01	5.341793e-01	5.454026e-01	5.803301e-01	4.532090e-01	5.153834e-01	5.507959e-01	5.319699e-01	6.003296e-01	6.777122e-01	5.494060e-01	4.769471e-01	5.217566e-01	5.253075e-01	5.665584e-01	4.764303e-01	4.279772e-01	4.687007e-01	5.282790e-01	4.225484e-01	4.764070e-01	6.133292e-01	5.819424e-01	4.754439e-01	5.379297e-01	5.033459e-01	5.742246e-01	4.602526e-01	5.332558e-01	5.818574e-01	5.690087e-01	4.490171e-01	3.595300e-01	5.671611e-01	5.483074e-01	2.358019e-01	5.599510e-01	5.257247e-01	3.329497e-01	4.753660e-01	6.080871e-01	6.112863e-01	5.402723e-01	4.340041e-01	5.069882e-01	5.106736e-01	4.147067e-01	2.818835e-01	4.973704e-01	5.331440e-01	5.446528e-01	4.199916e-01	4.610812e-01	6.011299e-01	4.897546e-01	5.485630e-01	4.369263e-01	4.669208e-01	4.594191e-01	2.497862e-01	3.629811e-01	5.884183e-01	5.355809e-01	4.665969e-01	4.816102e-01	4.466418e-01	5.081957e-01	4.974629e-01	5.783873e-01	5.470721e-01	5.392622e-01	4.284873e-01	3.579512e-01	4.196321e-01	4.436401e-01	5.568534e-01	4.491198e-01	5.243583e-01	4.386575e-01	5.507211e-01	5.154161e-01	8.186027e-02	1.130640e-01	5.358948e-01	5.259894e-01	1.463422e-01	6.286484e-02	2.271873e-01	2.718489e-01	2.714444e-01	1.766197e-01	1.677542e-01	1.748153e-01	2.132863e-01	
5.716573e-01	3.894657e-01	7.509066e-01	3.083953e-01	6.830470e-01	6.560176e-01	6.087673e-01	9.830781e-01	5.828850e-01	3.602700e-01	8.532196e-01	4.573313e-01	5.665272e-01	4.414123e-01	6.725322e-01	5.777400e-01	4.255040e-01	5.895350e-01	1.034119e+00	5.378487e-01	5.893676e-01	7.306690e-01	3.825149e-01	5.374804e-01	4.906446e-01	6.853340e-01	3.393478e-01	3.737662e-01	4.697233e-01	4.855752e-01	5.540171e-01	4.405235e-01	4.683171e-01	4.936860e-01	7.863585e-01	7.230800e-01	3.973623e-01	6.280076e-01	6.602096e-01	6.114688e-01	6.955673e-01	7.682187e-01	5.933993e-01	5.605221e-01	5.508322e-01	6.164141e-01	6.583241e-01	5.592348e-01	6.117385e-01	9.434071e-01	8.048991e-01	7.679039e-01	5.274508e-01	4.838303e-01	5.364852e-01	4.879148e-01	7.048820e-01	5.506048e-01	4.919203e-01	5.178111e-01	6.923856e-01	5.162217e-01	5.180321e-01	4.937986e-01	4.826062e-01	5.856946e-01	7.022141e-01	7.579807e-01	5.174137e-01	5.641476e-01	7.463294e-01	6.676616e-01	5.458529e-01	8.725854e-01	4.538897e-01	3.637028e-01	4.805111e-01	4.968317e-01	4.322967e-01	4.735988e-01	9.499072e-01	9.494334e-01	5.660713e-01	5.600730e-01	5.186107e-01	4.973540e-01	4.860094e-01	4.113509e-01	6.954283e-01	7.075570e-01	7.117049e-01	5.203718e-01	6.387772e-01	5.137851e-01	6.147485e-01	5.013190e-01	6.727424e-01	6.448391e-01	5.821103e-01	2.645605e-01	3.713670e-01	5.784738e-01	7.292934e-01	6.679148e-01	5.235437e-01	4.431961e-01	4.704953e-01	6.053724e-01	5.845636e-01	7.445381e-01	5.308884e-01	6.000406e-01	4.400701e-01	5.905382e-01	4.505947e-01	6.095848e-01	4.407669e-01	5.727590e-01	5.128411e-01	5.725886e-01	8.127974e-01	1.110434e-01	1.515739e-01	7.151503e-01	6.903568e-01	2.085512e-01	9.857195e-02	2.751578e-01	4.336470e-01	3.636442e-01	2.114315e-01	2.240435e-01	1.914675e-01	2.376608e-01	
3.735369e-01	2.649182e-01	4.737110e-01	2.113381e-01	4.255520e-01	4.155141e-01	3.764691e-01	5.864950e-01	4.264771e-01	2.554321e-01	5.115917e-01	3.182168e-01	4.057210e-01	3.276495e-01	4.261416e-01	4.135298e-01	3.034157e-01	4.089990e-01	5.378487e-01	5.509128e-01	4.292201e-01	4.623460e-01	2.676910e-01	3.787010e-01	3.629833e-01	4.517708e-01	2.486514e-01	2.447279e-01	3.435788e-01	3.214937e-01	4.125249e-01	3.172533e-01	3.544999e-01	3.438837e-01	5.004411e-01	4.358624e-01	2.862406e-01	4.444312e-01	4.289261e-01	4.362542e-01	4.428762e-01	4.926157e-01	3.906801e-01	4.026030e-01	3.751531e-01	4.081498e-01	4.244122e-01	4.347834e-01	4.419046e-01	6.024978e-01	5.049201e-01	4.637869e-01	3.800693e-01	3.569719e-01	3.968978e-01	3.605529e-01	4.113019e-01	4.170891e-01	3.445117e-01	3.596703e-01	4.345657e-01	3.885891e-01	3.953482e-01	3.902559e-01	3.415627e-01	3.989932e-01	4.893898e-01	4.590712e-01	3.820985e-01	4.267291e-01	4.886261e-01	4.228899e-01	3.376441e-01	5.407329e-01	3.489270e-01	2.608999e-01	3.502088e-01	3.527950e-01	3.054288e-01	3.522369e-01	5.866972e-01	5.826991e-01	3.797779e-01	3.640963e-01	3.726879e-01	3.746653e-01	3.569200e-01	2.783497e-01	4.351166e-01	4.488371e-01	4.469781e-01	3.641941e-01	4.164879e-01	3.758478e-01	3.961840e-01	3.599687e-01	4.250146e-01	4.008119e-01	4.077017e-01	1.846905e-01	2.500991e-01	4.092436e-01	4.636666e-01	4.327275e-01	3.858130e-01	3.339025e-01	3.435043e-01	4.127697e-01	4.465348e-01	4.654814e-01	3.582865e-01	3.485675e-01	3.248127e-01	3.801618e-01	3.313417e-01	4.502719e-01	3.049408e-01	4.270585e-01	3.883368e-01	4.051479e-01	4.794101e-01	8.031576e-02	1.379210e-01	4.506644e-01	4.293684e-01	1.589395e-01	5.739590e-02	1.952395e-01	2.773842e-01	2.664356e-01	1.560867e-01	1.716845e-01	1.583680e-01	1.973332e-01	
4.133918e-01	3.098096e-01	5.094767e-01	2.712782e-01	5.071933e-01	4.734701e-01	4.854622e-01	6.531952e-01	5.863213e-01	3.430924e-01	5.710123e-01	4.935095e-01	5.627039e-01	5.265818e-01	5.193002e-01	5.411131e-01	3.150554e-01	6.479351e-01	5.893676e-01	4.292201e-01	8.372283e-01	4.869489e-01	2.845551e-01	4.469744e-01	4.642916e-01	5.257221e-01	2.952825e-01	2.870055e-01	5.170746e-01	3.916965e-01	5.323050e-01	3.386958e-01	4.788883e-01	4.732644e-01	5.457205e-01	4.572368e-01	3.103790e-01	5.840659e-01	4.923076e-01	5.649313e-01	4.912408e-01	5.332081e-01	5.392191e-01	5.924792e-01	4.667631e-01	5.199407e-01	5.617300e-01	5.645131e-01	6.173628e-01	6.861975e-01	5.554981e-01	4.816855e-01	5.436828e-01	5.303611e-01	5.708264e-01	5.040521e-01	4.226915e-01	5.025096e-01	5.322741e-01	4.430115e-01	4.716030e-01	6.188025e-01	5.879714e-01	5.195673e-01	5.439744e-01	5.190659e-01	6.013063e-01	4.582873e-01	5.472926e-01	5.956163e-01	5.689162e-01	4.562000e-01	3.862589e-01	5.798505e-01	5.413810e-01	2.710584e-01	5.657056e-01	5.304224e-01	3.659239e-01	4.963138e-01	6.175415e-01	5.984783e-01	5.625734e-01	4.477237e-01	5.233929e-01	5.324038e-01	4.367786e-01	3.178239e-01	5.178588e-01	5.324971e-01	5.530806e-01	4.499503e-01	4.819014e-01	6.137152e-01	4.895284e-01	5.858507e-01	4.499220e-01	4.743379e-01	4.967925e-01	2.576903e-01	3.686753e-01	5.984949e-01	5.241516e-01	4.728997e-01	5.078527e-01	4.645541e-01	5.161621e-01	5.065044e-01	5.962912e-01	5.487259e-01	5.444934e-01	4.196654e-01	3.805576e-01	4.151166e-01	4.734334e-01	5.916797e-01	4.773588e-01	5.477714e-01	4.722597e-01	5.792974e-01	5.188476e-01	1.012784e-01	1.302154e-01	5.387101e-01	5.435663e-01	1.763525e-01	7.022009e-02	2.312948e-01	2.833812e-01	2.858205e-01	1.841970e-01	1.841169e-01	1.910289e-01	2.297557e-01	
4.877282e-01	3.505901e-01	6.317167e-01	2.560484e-01	5.704619e-01	5.554658e-01	5.188295e-01	8.115337e-01	4.851530e-01	3.049045e-01	7.062094e-01	3.686029e-01	4.665023e-01	3.615552e-01	5.551414e-01	4.987897e-01	3.622095e-01	4.622361e-01	7.306690e-01	4.623460e-01	4.869489e-01	8.099035e-01	3.451185e-01	4.635904e-01	4.221099e-01	5.723480e-01	3.138145e-01	3.460121e-01	3.903114e-01	4.166690e-01	4.618937e-01	4.099920e-01	3.829227e-01	4.100735e-01	6.553166e-01	6.310309e-01	3.673356e-01	5.372295e-01	5.596040e-01	5.117533e-01	5.676022e-01	6.301795e-01	4.761623e-01	4.354604e-01	4.563168e-01	5.216489e-01	5.594519e-01	4.887713e-01	5.136217e-01	7.910247e-01	6.712467e-01	6.578614e-01	4.255982e-01	3.949381e-01	4.269329e-01	3.945325e-01	5.936009e-01	4.903560e-01	3.862412e-01	4.565104e-01	5.771099e-01	4.098751e-01	4.262428e-01	4.173637e-01	3.939782e-01	4.948528e-01	5.958278e-01	6.518475e-01	4.351209e-01	4.671061e-01	6.284138e-01	5.651531e-01	4.519366e-01	7.315678e-01	3.786447e-01	3.253012e-01	3.891627e-01	3.940122e-01	3.940467e-01	3.875816e-01	8.165631e-01	7.996298e-01	4.691835e-01	4.786381e-01	4.214668e-01	4.272193e-01	4.197233e-01	3.721704e-01	5.812307e-01	5.953807e-01	6.136925e-01	4.504728e-01	5.365377e-01	4.078981e-01	5.189265e-01	4.133318e-01	5.745581e-01	5.288062e-01	4.985432e-01	2.262803e-01	2.885618e-01	4.652102e-01	6.142799e-01	5.566079e-01	4.279825e-01	3.617262e-01	3.850455e-01	5.136995e-01	4.914714e-01	6.484931e-01	4.344305e-01	5.089607e-01	3.969092e-01	5.031354e-01	3.734325e-01	5.204853e-01	3.711619e-01	4.809609e-01	4.459168e-01	4.716470e-01	6.899316e-01	1.089453e-01	1.252520e-01	5.780205e-01	5.841051e-01	1.898222e-01	7.878968e-02	2.213850e-01	3.829414e-01	3.278396e-01	1.963452e-01	2.087189e-01	1.644395e-01	2.190147e-01	
