5.790262e-01	3.333148e-01	4.862708e-01	2.310129e-01	3.774802e-01	4.006008e-01	4.064369e-01	4.864887e-01	3.559246e-01	2.803261e-01	5.934954e-01	3.297162e-01	3.603889e-01	3.066409e-01	4.213427e-01	3.051907e-01	3.589558e-01	3.541843e-01	5.078787e-01	3.401622e-01	3.675839e-01	5.282026e-01	3.156810e-01	4.145607e-01	3.978598e-01	4.472650e-01	3.101157e-01	2.679803e-01	3.480960e-01	4.014123e-01	3.223106e-01	3.140192e-01	3.393583e-01	3.203074e-01	5.401066e-01	4.644461e-01	3.395963e-01	3.759494e-01	4.413607e-01	3.553400e-01	4.239672e-01	4.815000e-01	3.886967e-01	3.496287e-01	3.517769e-01	4.286769e-01	3.836487e-01	3.986007e-01	3.644417e-01	4.490571e-01	4.641953e-01	5.476147e-01	3.493008e-01	3.478190e-01	3.605985e-01	3.506797e-01	5.408618e-01	4.119330e-01	2.850276e-01	3.209330e-01	4.549946e-01	3.628048e-01	3.143677e-01	3.883663e-01	3.641364e-01	3.727968e-01	3.928349e-01	5.422135e-01	3.320052e-01	3.623662e-01	4.772864e-01	4.845128e-01	3.386348e-01	4.682854e-01	3.335573e-01	3.134349e-01	3.171069e-01	3.198756e-01	3.149090e-01	3.393344e-01	6.240081e-01	5.959222e-01	3.724036e-01	3.825660e-01	3.381043e-01	3.293097e-01	3.920562e-01	2.685190e-01	4.124131e-01	4.771637e-01	4.557980e-01	3.648576e-01	3.910006e-01	3.449324e-01	4.006739e-01	3.551400e-01	4.864045e-01	4.079637e-01	3.614055e-01	1.808763e-01	2.425404e-01	3.590515e-01	5.006796e-01	4.241178e-01	3.880736e-01	2.813819e-01	2.830097e-01	3.883903e-01	3.635491e-01	4.443281e-01	3.354735e-01	3.843876e-01	3.317706e-01	4.437775e-01	3.182706e-01	4.440205e-01	3.509443e-01	3.875537e-01	3.986559e-01	3.638046e-01	4.272960e-01	7.298386e-02	1.264585e-01	3.700621e-01	4.183589e-01	1.526534e-01	5.733888e-02	2.143244e-01	3.168543e-01	2.379091e-01	1.704020e-01	1.539098e-01	1.594860e-01	1.283923e-01	
3.333148e-01	4.847839e-01	3.782638e-01	2.082223e-01	2.896969e-01	3.084791e-01	3.020234e-01	3.838667e-01	2.741799e-01	2.440724e-01	4.585235e-01	2.640516e-01	2.987433e-01	2.569671e-01	3.214624e-01	2.675325e-01	3.203537e-01	3.004597e-01	3.842863e-01	2.767930e-01	3.021317e-01	4.144144e-01	2.705752e-01	3.027899e-01	3.560299e-01	3.490849e-01	2.991106e-01	2.541432e-01	2.992722e-01	3.008174e-01	3.031118e-01	2.809646e-01	2.809218e-01	2.507567e-01	4.098803e-01	3.668226e-01	3.087948e-01	3.031387e-01	3.208488e-01	2.636682e-01	3.077733e-01	3.580931e-01	3.062885e-01	2.878299e-01	2.661670e-01	3.335812e-01	2.886188e-01	3.494213e-01	3.231392e-01	3.243030e-01	3.435725e-01	4.165292e-01	3.029505e-01	2.775254e-01	2.765893e-01	2.671786e-01	4.167607e-01	3.568103e-01	2.295630e-01	2.979463e-01	3.323184e-01	2.932180e-01	2.537700e-01	3.549343e-01	2.995810e-01	2.903305e-01	2.927241e-01	4.060367e-01	2.675700e-01	3.072827e-01	3.568669e-01	3.695679e-01	2.694481e-01	3.527625e-01	2.845330e-01	2.856257e-01	2.575541e-01	2.499780e-01	2.840660e-01	2.967089e-01	4.786481e-01	4.532721e-01	2.869415e-01	2.807762e-01	2.825667e-01	2.717520e-01	3.476902e-01	2.442932e-01	3.147516e-01	3.610578e-01	3.404613e-01	3.196373e-01	2.858157e-01	2.812447e-01	3.187310e-01	3.092953e-01	3.631103e-01	2.986829e-01	3.373841e-01	1.726543e-01	2.146736e-01	2.872731e-01	3.581846e-01	3.130244e-01	3.296545e-01	2.360989e-01	2.424940e-01	2.840644e-01	2.926214e-01	3.380623e-01	2.583133e-01	2.761110e-01	3.051141e-01	3.182186e-01	2.747550e-01	3.648725e-01	3.006187e-01	3.142868e-01	3.422586e-01	2.921241e-01	3.392962e-01	5.543821e-02	1.248962e-01	2.849710e-01	3.253572e-01	1.464094e-01	5.123368e-02	1.712651e-01	2.583387e-01	2.126184e-01	1.430597e-01	1.273002e-01	1.507626e-01	1.119461e-01	
4.862708e-01	3.782638e-01	8.484112e-01	2.873898e-01	5.070999e-01	5.472334e-01	5.428070e-01	6.560844e-01	4.514206e-01	3.653772e-01	7.936582e-01	4.194279e-01	4.732652e-01	4.340442e-01	5.690345e-01	3.790895e-01	4.453804e-01	4.852182e-01	6.678316e-01	4.478563e-01	5.026647e-01	6.856191e-01	3.793064e-01	5.526767e-01	5.135096e-01	6.273016e-01	3.394576e-01	3.009088e-01	4.701420e-01	5.315556e-01	4.525704e-01	3.788798e-01	4.488199e-01	4.418501e-01	7.432435e-01	6.208242e-01	3.884913e-01	4.823201e-01	6.233820e-01	4.847901e-01	5.730370e-01	6.596532e-01	5.084076e-01	4.830400e-01	4.854091e-01	5.726893e-01	4.910751e-01	5.136727e-01	4.847258e-01	6.101157e-01	6.146989e-01	7.222583e-01	4.763327e-01	4.653133e-01	4.756681e-01	4.385522e-01	7.038960e-01	5.156885e-01	3.737934e-01	4.095272e-01	6.379832e-01	4.950213e-01	4.345041e-01	5.305566e-01	4.908565e-01	4.947142e-01	5.265103e-01	7.006520e-01	4.395990e-01	5.085524e-01	6.352085e-01	6.489731e-01	4.477834e-01	6.620406e-01	4.355613e-01	3.474793e-01	4.298541e-01	4.117701e-01	3.443744e-01	4.502299e-01	8.339929e-01	7.977836e-01	5.076043e-01	5.206353e-01	4.189192e-01	4.505253e-01	4.956956e-01	2.926920e-01	5.315079e-01	6.293359e-01	5.965986e-01	4.477244e-01	5.124315e-01	4.415979e-01	5.207850e-01	4.835657e-01	6.378158e-01	5.737642e-01	4.355157e-01	2.236922e-01	3.267267e-01	4.887080e-01	6.820708e-01	5.909165e-01	4.868769e-01	3.893633e-01	3.690476e-01	5.210271e-01	4.770551e-01	5.925583e-01	4.331867e-01	5.119561e-01	4.381810e-01	6.078175e-01	4.356187e-01	5.847315e-01	4.557257e-01	5.088732e-01	5.137735e-01	4.750210e-01	5.647681e-01	7.951352e-02	1.577389e-01	4.962426e-01	5.242782e-01	2.017829e-01	3.084356e-02	2.545766e-01	4.235957e-01	2.915877e-01	1.810862e-01	1.730259e-01	1.839417e-01	1.501719e-01	
2.310129e-01	2.082223e-01	2.873898e-01	3.522289e-01	2.357729e-01	2.596124e-01	2.650212e-01	2.839409e-01	2.040286e-01	2.039947e-01	3.430788e-01	2.195673e-01	2.320807e-01	2.274417e-01	2.480333e-01	1.734579e-01	2.155452e-01	2.674703e-01	2.919143e-01	1.870644e-01	2.462202e-01	3.075136e-01	1.998764e-01	2.388642e-01	2.566564e-01	2.841642e-01	1.893787e-01	1.781116e-01	2.637649e-01	2.378699e-01	2.302796e-01	1.747739e-01	2.179660e-01	2.171748e-01	3.205631e-01	2.756391e-01	1.988901e-01	2.224302e-01	2.467543e-01	2.171229e-01	2.484567e-01	2.814930e-01	2.474093e-01	2.566945e-01	2.318483e-01	2.898393e-01	2.280835e-01	2.517538e-01	2.550486e-01	2.571292e-01	2.600142e-01	3.343766e-01	2.570202e-01	2.382307e-01	2.207424e-01	2.035247e-01	3.177827e-01	2.589257e-01	2.144666e-01	2.144240e-01	2.566996e-01	2.729851e-01	2.198766e-01	2.760765e-01	2.621764e-01	2.222273e-01	2.396530e-01	3.169955e-01	2.136780e-01	2.335664e-01	2.783004e-01	2.841519e-01	2.178937e-01	2.664203e-01	2.392215e-01	1.826110e-01	2.237959e-01	2.124341e-01	1.897905e-01	2.424409e-01	3.741647e-01	3.516687e-01	2.505013e-01	2.738367e-01	2.213831e-01	2.224233e-01	2.340016e-01	1.610490e-01	2.710810e-01	2.975074e-01	3.076677e-01	1.986983e-01	2.410124e-01	2.492560e-01	2.707087e-01	2.558464e-01	2.680702e-01	2.238058e-01	2.376118e-01	1.241787e-01	1.752982e-01	2.560873e-01	2.864873e-01	2.514333e-01	2.405251e-01	2.137479e-01	2.022610e-01	2.265288e-01	2.345722e-01	2.712292e-01	2.292501e-01	2.222378e-01	2.030912e-01	2.574539e-01	2.139602e-01	2.716660e-01	2.428828e-01	2.291621e-01	2.464735e-01	2.430352e-01	2.667646e-01	5.155379e-02	8.060785e-02	2.355832e-01	2.679175e-01	8.713688e-02	3.238825e-02	1.397971e-01	1.821020e-01	1.405575e-01	1.024036e-01	1.022214e-01	9.938886e-02	8.128392e-02	
3.774802e-01	2.896969e-01	5.070999e-01	2.357729e-01	6.802362e-01	5.083235e-01	5.110206e-01	5.388789e-01	3.650295e-01	2.840044e-01	6.464957e-01	3.751468e-01	3.931116e-01	4.011015e-01	4.458778e-01	2.748209e-01	3.098391e-01	4.449396e-01	5.657234e-01	3.249756e-01	4.411522e-01	5.621879e-01	2.816678e-01	4.247209e-01	4.056424e-01	4.850231e-01	2.499083e-01	2.283438e-01	4.507325e-01	4.142791e-01	3.165821e-01	2.749605e-01	3.302578e-01	3.490512e-01	5.926851e-01	5.129905e-01	2.713259e-01	3.573451e-01	4.530382e-01	3.894001e-01	4.525287e-01	5.409065e-01	4.596515e-01	4.123279e-01	4.283809e-01	5.518467e-01	4.802446e-01	3.994585e-01	3.979861e-01	4.657862e-01	4.874347e-01	6.077708e-01	4.041449e-01	3.839423e-01	4.110164e-01	3.473250e-01	5.655342e-01	3.763479e-01	3.107762e-01	3.080140e-01	4.937485e-01	4.015890e-01	3.788417e-01	4.190415e-01	4.356703e-01	3.833917e-01	4.218340e-01	5.711536e-01	3.831722e-01	3.767264e-01	4.837418e-01	5.087155e-01	3.582516e-01	5.297693e-01	3.641465e-01	2.682912e-01	3.909478e-01	3.632806e-01	2.652183e-01	3.790283e-01	6.785449e-01	6.710599e-01	4.326072e-01	4.769331e-01	3.405635e-01	3.568537e-01	3.666750e-01	2.547080e-01	5.081185e-01	5.872139e-01	5.537340e-01	3.230147e-01	4.121027e-01	3.750821e-01	5.153564e-01	4.296985e-01	4.914987e-01	4.167667e-01	3.243075e-01	1.962327e-01	3.028718e-01	4.215965e-01	5.116918e-01	4.545104e-01	3.819790e-01	3.045988e-01	3.217995e-01	3.959848e-01	3.853173e-01	5.532739e-01	4.043393e-01	4.942794e-01	3.085711e-01	4.477408e-01	3.408344e-01	4.449319e-01	3.792556e-01	4.040346e-01	3.820671e-01	3.991460e-01	4.899237e-01	9.356111e-02	1.233201e-01	4.287617e-01	4.849474e-01	1.418684e-01	6.343307e-02	2.043215e-01	3.214657e-01	2.132062e-01	1.550595e-01	1.423622e-01	1.358534e-01	9.710992e-02	
4.006008e-01	3.084791e-01	5.472334e-01	2.596124e-01	5.083235e-01	7.143031e-01	5.328286e-01	5.930285e-01	3.799966e-01	3.217440e-01	7.082608e-01	3.589945e-01	4.024107e-01	3.940417e-01	4.782501e-01	2.837766e-01	3.400398e-01	4.328335e-01	6.043592e-01	3.408786e-01	4.760255e-01	6.054939e-01	3.015593e-01	4.607810e-01	4.108972e-01	5.082238e-01	2.597988e-01	2.483779e-01	4.535264e-01	4.442278e-01	3.230166e-01	3.060042e-01	3.452707e-01	3.656133e-01	6.332518e-01	5.738883e-01	2.947123e-01	3.970426e-01	4.882363e-01	4.054667e-01	4.765898e-01	5.932584e-01	4.727000e-01	4.121939e-01	4.496243e-01	5.474764e-01	4.848043e-01	4.138239e-01	4.040025e-01	5.072891e-01	5.192023e-01	6.796995e-01	4.064669e-01	3.941585e-01	4.087353e-01	3.737236e-01	6.172652e-01	3.911932e-01	3.350065e-01	3.171206e-01	5.388089e-01	4.130142e-01	3.807048e-01	4.365495e-01	4.304784e-01	4.068284e-01	4.408777e-01	6.286694e-01	3.662740e-01	4.060539e-01	5.216244e-01	5.513203e-01	3.845875e-01	5.752393e-01	3.633043e-01	2.657822e-01	3.797023e-01	3.597347e-01	2.719869e-01	3.907981e-01	7.349497e-01	7.477495e-01	4.355786e-01	5.072868e-01	3.541125e-01	3.770586e-01	3.844503e-01	2.559927e-01	5.247860e-01	6.140499e-01	5.796224e-01	3.322088e-01	4.433260e-01	3.731040e-01	5.443399e-01	4.517570e-01	5.451269e-01	4.575221e-01	3.513441e-01	1.820826e-01	3.054193e-01	4.256168e-01	5.339643e-01	4.778975e-01	3.856875e-01	3.131341e-01	3.281521e-01	4.335269e-01	4.004605e-01	5.834170e-01	4.157266e-01	5.121580e-01	3.174492e-01	4.872373e-01	3.636910e-01	4.547110e-01	4.044600e-01	4.314061e-01	4.017010e-01	4.137295e-01	5.371082e-01	8.333973e-02	1.089894e-01	4.376319e-01	5.156474e-01	1.280438e-01	5.362164e-02	1.883729e-01	3.340567e-01	2.105759e-01	1.522015e-01	1.482489e-01	1.482944e-01	9.393163e-02	
4.064369e-01	3.020234e-01	5.428070e-01	2.650212e-01	5.110206e-01	5.328286e-01	7.397921e-01	5.875554e-01	4.150532e-01	3.331510e-01	6.950854e-01	4.161824e-01	4.408885e-01	4.477221e-01	4.989695e-01	3.215636e-01	3.509990e-01	5.021904e-01	6.066280e-01	3.657819e-01	5.278049e-01	6.020493e-01	3.102374e-01	4.769064e-01	4.378520e-01	5.333677e-01	2.743385e-01	2.356208e-01	4.957612e-01	4.465785e-01	3.589193e-01	3.124571e-01	3.874359e-01	4.257791e-01	6.464732e-01	5.471544e-01	3.032479e-01	4.198975e-01	5.059802e-01	4.317910e-01	4.956931e-01	5.928627e-01	5.041072e-01	4.596835e-01	4.776478e-01	5.808713e-01	5.011704e-01	4.611604e-01	4.613082e-01	5.310991e-01	5.165058e-01	6.491206e-01	4.455445e-01	4.275301e-01	4.656210e-01	4.058553e-01	6.162843e-01	4.092122e-01	3.804258e-01	3.637642e-01	5.362522e-01	4.810565e-01	4.201005e-01	4.876148e-01	4.822603e-01	4.363339e-01	4.736467e-01	6.182766e-01	4.292057e-01	4.539852e-01	5.510127e-01	5.643053e-01	3.930347e-01	5.759552e-01	4.330160e-01	2.701087e-01	4.379686e-01	4.083859e-01	2.834007e-01	4.368706e-01	7.286236e-01	7.165472e-01	4.852119e-01	5.265259e-01	3.984959e-01	4.083778e-01	4.109932e-01	2.580798e-01	5.282770e-01	6.283202e-01	5.779255e-01	3.461088e-01	4.469794e-01	4.300709e-01	5.265175e-01	5.043921e-01	5.408721e-01	4.671987e-01	3.987786e-01	2.156861e-01	3.383804e-01	4.738493e-01	5.679492e-01	5.125731e-01	4.355164e-01	3.692525e-01	3.802578e-01	4.541529e-01	4.389255e-01	5.803783e-01	4.441071e-01	5.070642e-01	3.461430e-01	5.077413e-01	4.174679e-01	5.086186e-01	4.516692e-01	4.561640e-01	4.236356e-01	4.691259e-01	5.080311e-01	1.018679e-01	1.304762e-01	4.522061e-01	5.221543e-01	1.421733e-01	4.297508e-02	2.043850e-01	3.459951e-01	2.367674e-01	1.723434e-01	1.521856e-01	1.513791e-01	1.004645e-01	
4.864887e-01	3.838667e-01	6.560844e-01	2.839409e-01	5.388789e-01	5.930285e-01	5.875554e-01	9.035686e-01	4.221773e-01	3.586995e-01	8.541882e-01	4.165753e-01	4.542302e-01	4.312486e-01	5.718661e-01	3.555795e-01	4.371683e-01	4.617835e-01	7.384950e-01	4.334593e-01	5.211315e-01	7.366779e-01	3.735145e-01	5.535607e-01	4.923628e-01	6.187588e-01	3.252395e-01	2.785262e-01	4.731883e-01	5.303563e-01	3.859356e-01	3.833581e-01	4.070818e-01	4.241867e-01	7.891355e-01	6.944357e-01	3.780035e-01	4.567362e-01	6.014006e-01	4.620365e-01	5.836022e-01	7.008995e-01	5.315399e-01	4.658692e-01	5.033049e-01	5.985820e-01	5.316599e-01	4.823683e-01	4.674440e-01	6.281226e-01	6.098877e-01	8.177275e-01	4.656938e-01	4.396318e-01	4.628572e-01	4.310578e-01	7.525708e-01	4.791657e-01	3.766998e-01	3.869021e-01	6.615954e-01	4.677889e-01	4.082887e-01	5.081022e-01	4.737754e-01	4.865761e-01	5.432052e-01	7.730813e-01	4.196476e-01	4.815550e-01	6.266311e-01	6.974979e-01	4.518899e-01	6.862978e-01	4.037268e-01	3.490156e-01	3.989969e-01	3.968136e-01	3.352782e-01	4.351547e-01	8.980149e-01	8.786350e-01	4.848282e-01	5.649494e-01	4.148047e-01	4.234393e-01	4.638237e-01	3.001482e-01	5.888400e-01	6.774195e-01	6.469510e-01	4.166802e-01	5.349853e-01	4.193850e-01	5.724677e-01	4.955878e-01	6.492956e-01	5.645917e-01	4.129687e-01	2.308648e-01	3.457013e-01	4.752358e-01	6.747227e-01	5.825528e-01	4.705040e-01	3.429464e-01	3.683124e-01	5.187374e-01	4.634289e-01	6.317784e-01	4.560911e-01	5.696437e-01	4.030173e-01	6.165692e-01	4.052761e-01	5.395354e-01	4.483154e-01	4.958119e-01	4.678151e-01	4.575521e-01	6.298844e-01	9.579394e-02	1.477565e-01	5.056373e-01	5.690880e-01	1.887179e-01	4.903809e-02	2.359219e-01	4.318715e-01	2.600771e-01	1.926175e-01	1.662682e-01	1.796258e-01	1.368068e-01	
3.559246e-01	2.741799e-01	4.514206e-01	2.040286e-01	3.650295e-01	3.799966e-01	4.150532e-01	4.221773e-01	6.159651e-01	2.809604e-01	4.988851e-01	4.306251e-01	4.183616e-01	4.369234e-01	4.140279e-01	3.475231e-01	2.948990e-01	5.056420e-01	4.266208e-01	3.461515e-01	4.905845e-01	4.505952e-01	2.645703e-01	4.230024e-01	4.006262e-01	4.554448e-01	2.539120e-01	1.908246e-01	4.598718e-01	3.838025e-01	3.624325e-01	2.576798e-01	3.912248e-01	4.094642e-01	5.047059e-01	3.901522e-01	2.741039e-01	4.097139e-01	4.326498e-01	3.951484e-01	3.935885e-01	4.711207e-01	4.477496e-01	4.854453e-01	3.820046e-01	4.557499e-01	3.626006e-01	4.635305e-01	4.646540e-01	4.434607e-01	4.322671e-01	4.520305e-01	4.460491e-01	4.502175e-01	4.655934e-01	4.027803e-01	4.403842e-01	3.975308e-01	3.868035e-01	3.342911e-01	4.219819e-01	4.768761e-01	4.432250e-01	4.610517e-01	4.903368e-01	4.121260e-01	4.249300e-01	4.427219e-01	4.321866e-01	4.699371e-01	4.761423e-01	4.384103e-01	3.250096e-01	4.508831e-01	4.732875e-01	2.227556e-01	4.743626e-01	4.330787e-01	2.271880e-01	4.239755e-01	5.052645e-01	5.198094e-01	4.645604e-01	4.150150e-01	3.923708e-01	4.263389e-01	4.049652e-01	1.822054e-01	3.712168e-01	4.686770e-01	4.344841e-01	3.278974e-01	3.877065e-01	4.552047e-01	3.845036e-01	4.792319e-01	4.150697e-01	4.189473e-01	3.540789e-01	2.027806e-01	3.076015e-01	4.683305e-01	4.643069e-01	4.250762e-01	4.177659e-01	3.663239e-01	3.505421e-01	4.054235e-01	4.459460e-01	4.207541e-01	4.229607e-01	3.320357e-01	3.305762e-01	4.443038e-01	4.176856e-01	5.194981e-01	4.413802e-01	4.227700e-01	4.294397e-01	4.656442e-01	3.577276e-01	6.450122e-02	1.329261e-01	3.442994e-01	3.774226e-01	1.430627e-01	1.200336e-02	2.461320e-01	2.684836e-01	2.208862e-01	1.625012e-01	1.423651e-01	1.459601e-01	9.559005e-02	
2.803261e-01	2.440724e-01	3.653772e-01	2.039947e-01	2.840044e-01	3.217440e-01	3.331510e-01	3.586995e-01	2.809604e-01	4.286130e-01	4.148740e-01	2.884348e-01	2.951662e-01	2.868772e-01	3.192437e-01	2.398069e-01	2.765632e-01	3.378955e-01	3.691678e-01	2.503701e-01	3.505441e-01	3.821544e-01	2.239883e-01	3.154476e-01	3.244991e-01	3.497972e-01	2.229656e-01	1.980454e-01	3.215625e-01	3.093569e-01	2.951610e-01	2.241581e-01	2.783558e-01	2.805230e-01	3.909538e-01	3.431762e-01	2.348001e-01	3.042066e-01	3.328235e-01	2.767253e-01	3.203774e-01	3.581747e-01	3.298574e-01	3.180110e-01	3.069735e-01	3.515184e-01	2.990236e-01	3.327567e-01	3.294674e-01	3.369207e-01	3.296273e-01	4.002366e-01	3.066643e-01	3.081071e-01	3.197972e-01	2.801295e-01	3.963763e-01	3.089505e-01	2.713849e-01	2.710500e-01	3.325413e-01	3.408525e-01	2.947763e-01	3.596327e-01	3.475194e-01	2.973674e-01	2.985645e-01	3.720291e-01	3.000362e-01	3.275232e-01	3.588652e-01	3.564126e-01	2.828137e-01	3.618445e-01	3.223653e-01	2.100653e-01	3.144866e-01	2.937143e-01	2.373723e-01	3.131259e-01	4.434895e-01	4.380823e-01	3.160253e-01	3.306025e-01	2.938944e-01	2.932382e-01	3.172544e-01	1.870936e-01	3.136952e-01	3.718639e-01	3.595746e-01	2.618176e-01	3.041536e-01	3.046716e-01	3.135376e-01	3.370659e-01	3.290095e-01	3.116986e-01	3.002136e-01	1.514607e-01	2.190878e-01	3.192557e-01	3.615537e-01	3.162199e-01	3.136742e-01	2.719509e-01	2.659167e-01	3.106848e-01	2.967532e-01	3.543133e-01	2.915829e-01	2.687049e-01	2.694427e-01	3.336302e-01	2.831099e-01	3.783629e-01	3.103157e-01	3.273291e-01	3.195359e-01	3.172889e-01	3.178950e-01	8.061738e-02	1.077636e-01	2.735578e-01	3.246808e-01	9.779809e-02	4.633622e-02	1.737049e-01	2.157887e-01	1.700130e-01	1.151291e-01	1.258074e-01	1.375395e-01	8.054374e-02	
5.934954e-01	4.585235e-01	7.936582e-01	3.430788e-01	6.464957e-01	7.082608e-01	6.950854e-01	8.541882e-01	4.988851e-01	4.148740e-01	1.182216e+00	4.801883e-01	5.515452e-01	4.839287e-01	6.985703e-01	4.236894e-01	5.170626e-01	5.373966e-01	8.870070e-01	5.248953e-01	5.872136e-01	8.794963e-01	4.675517e-01	6.710500e-01	5.871168e-01	7.379619e-01	3.879476e-01	3.470028e-01	5.518092e-01	6.243741e-01	4.783730e-01	4.736129e-01	4.940429e-01	5.040001e-01	9.313182e-01	8.301187e-01	4.629736e-01	5.463063e-01	7.213018e-01	5.625843e-01	6.934673e-01	8.328630e-01	6.021483e-01	5.151515e-01	5.972423e-01	6.938496e-01	6.232257e-01	5.776439e-01	5.560475e-01	7.473274e-01	7.462003e-01	9.652163e-01	5.396209e-01	5.110876e-01	5.393719e-01	5.158260e-01	9.227124e-01	5.868220e-01	4.130994e-01	4.611291e-01	7.887266e-01	5.275733e-01	4.676244e-01	5.817572e-01	5.459258e-01	5.713787e-01	6.351157e-01	9.104058e-01	4.765497e-01	5.627587e-01	7.517399e-01	8.313608e-01	5.402972e-01	8.083862e-01	4.565228e-01	4.222186e-01	4.662426e-01	4.636356e-01	4.063779e-01	5.220642e-01	1.063976e+00	1.054241e+00	5.666981e-01	6.466378e-01	4.928513e-01	4.947049e-01	5.780394e-01	3.656519e-01	6.954388e-01	7.837503e-01	7.472065e-01	5.083124e-01	6.425206e-01	4.771024e-01	6.738255e-01	5.583058e-01	7.928310e-01	6.808656e-01	4.890642e-01	2.561013e-01	3.975927e-01	5.460027e-01	8.197947e-01	7.105456e-01	5.623566e-01	4.079146e-01	4.331607e-01	6.097689e-01	5.590119e-01	7.453795e-01	5.213334e-01	6.574663e-01	4.960059e-01	7.326439e-01	4.817335e-01	6.495150e-01	5.049620e-01	5.892668e-01	5.834431e-01	5.461907e-01	7.610371e-01	8.552688e-02	1.641162e-01	6.166254e-01	6.728286e-01	2.146412e-01	5.547410e-02	2.759965e-01	5.097753e-01	3.193163e-01	2.248432e-01	1.907723e-01	2.154679e-01	1.500225e-01	
3.297162e-01	2.640516e-01	4.194279e-01	2.195673e-01	3.751468e-01	3.589945e-01	4.161824e-01	4.165753e-01	4.306251e-01	2.884348e-01	4.801883e-01	6.320042e-01	4.082315e-01	4.637233e-01	3.960359e-01	3.292802e-01	2.880999e-01	5.298498e-01	4.103742e-01	3.178723e-01	5.161555e-01	4.488958e-01	2.690177e-01	4.081280e-01	4.028304e-01	4.394254e-01	2.553525e-01	1.999040e-01	4.805446e-01	3.796519e-01	3.673197e-01	2.348471e-01	3.870878e-01	4.153419e-01	4.916833e-01	3.804233e-01	2.668126e-01	3.952023e-01	4.116273e-01	3.787296e-01	3.784945e-01	4.542777e-01	4.719208e-01	4.895095e-01	4.082797e-01	4.694267e-01	3.766901e-01	4.710525e-01	4.725413e-01	4.257119e-01	4.042739e-01	4.333808e-01	4.661423e-01	4.361996e-01	4.780141e-01	4.043534e-01	4.389199e-01	3.746686e-01	4.097332e-01	3.300340e-01	3.855642e-01	5.133787e-01	4.606304e-01	4.582733e-01	5.129300e-01	4.039116e-01	4.187414e-01	4.325920e-01	4.461791e-01	4.644877e-01	4.582501e-01	4.432183e-01	2.985395e-01	4.440704e-01	4.921771e-01	2.443040e-01	4.990445e-01	4.400768e-01	2.503928e-01	4.284287e-01	4.782000e-01	5.093350e-01	4.618508e-01	4.427599e-01	3.844578e-01	4.188993e-01	3.875068e-01	1.971684e-01	3.775283e-01	4.812866e-01	4.381276e-01	3.037876e-01	3.716168e-01	4.685962e-01	3.868968e-01	4.968312e-01	4.056743e-01	3.911842e-01	3.504995e-01	2.195273e-01	3.208700e-01	4.846571e-01	4.376455e-01	4.188803e-01	4.187734e-01	3.904965e-01	3.688090e-01	4.018557e-01	4.362599e-01	4.118265e-01	4.288814e-01	3.279190e-01	3.163036e-01	4.139952e-01	4.263171e-01	5.103588e-01	4.500046e-01	4.298090e-01	4.083662e-01	4.868879e-01	3.438822e-01	9.356986e-02	1.574725e-01	3.459549e-01	3.848497e-01	1.647651e-01	4.725695e-02	2.488785e-01	2.404669e-01	2.205404e-01	1.733577e-01	1.600412e-01	1.735530e-01	1.137784e-01	
3.603889e-01	2.987433e-01	4.732652e-01	2.320807e-01	3.931116e-01	4.024107e-01	4.408885e-01	4.542302e-01	4.183616e-01	2.951662e-01	5.515452e-01	4.082315e-01	5.919772e-01	4.360570e-01	4.370183e-01	3.449047e-01	3.348112e-01	4.832481e-01	4.688279e-01	3.421165e-01	4.706483e-01	4.942394e-01	2.903779e-01	4.299173e-01	4.222937e-01	4.779184e-01	2.514418e-01	2.129617e-01	4.494399e-01	4.092019e-01	3.897693e-01	2.789994e-01	3.955302e-01	4.139044e-01	5.343328e-01	4.388758e-01	3.053709e-01	4.130053e-01	4.559362e-01	3.888722e-01	4.264462e-01	5.007532e-01	4.566073e-01	4.631520e-01	3.923749e-01	4.727058e-01	3.926890e-01	4.549023e-01	4.496781e-01	4.564277e-01	4.530577e-01	5.002016e-01	4.297184e-01	4.157332e-01	4.650602e-01	4.089202e-01	5.045107e-01	4.159645e-01	3.753779e-01	3.481158e-01	4.473118e-01	4.799296e-01	4.102475e-01	4.697910e-01	4.765429e-01	4.193113e-01	4.439211e-01	4.813153e-01	4.221038e-01	4.579716e-01	4.943473e-01	4.837482e-01	3.553241e-01	4.880958e-01	4.376614e-01	2.457689e-01	4.521665e-01	4.111150e-01	2.465950e-01	4.217373e-01	5.673712e-01	5.717865e-01	4.493099e-01	4.280462e-01	3.783748e-01	4.064106e-01	4.026128e-01	2.118031e-01	3.973109e-01	5.021909e-01	4.574852e-01	3.489832e-01	4.037118e-01	4.409805e-01	4.051248e-01	4.698092e-01	4.603977e-01	4.271960e-01	3.842373e-01	2.073148e-01	3.088345e-01	4.449857e-01	5.019915e-01	4.665368e-01	4.264911e-01	3.813014e-01	3.523438e-01	4.225583e-01	4.355924e-01	4.393500e-01	4.138114e-01	3.617383e-01	3.480751e-01	4.595201e-01	4.075106e-01	5.183542e-01	4.316131e-01	4.283926e-01	4.393454e-01	4.579378e-01	3.957539e-01	7.148212e-02	1.498285e-01	3.741989e-01	4.171031e-01	1.591598e-01	1.667086e-02	2.348558e-01	2.871257e-01	2.157834e-01	1.711060e-01	1.630846e-01	1.677711e-01	1.089691e-01	
3.066409e-01	2.569671e-01	4.340442e-01	2.274417e-01	4.011015e-01	3.940417e-01	4.477221e-01	4.312486e-01	4.369234e-01	2.868772e-01	4.839287e-01	4.637233e-01	4.360570e-01	6.909956e-01	4.129845e-01	3.317714e-01	2.690429e-01	5.622300e-01	3.993214e-01	3.304924e-01	5.373674e-01	4.590672e-01	2.540425e-01	4.295066e-01	4.063765e-01	4.619934e-01	2.149346e-01	1.691271e-01	5.231454e-01	3.749693e-01	3.833555e-01	2.239324e-01	4.070708e-01	4.320731e-01	5.118620e-01	3.784309e-01	2.561837e-01	4.168240e-01	4.145294e-01	3.942361e-01	3.936514e-01	4.842642e-01	5.104150e-01	5.211677e-01	4.253536e-01	4.968600e-01	3.974812e-01	4.788127e-01	4.763674e-01	4.265647e-01	4.050457e-01	4.439809e-01	4.908339e-01	4.519849e-01	5.119380e-01	4.068538e-01	4.420099e-01	3.799096e-01	4.328129e-01	3.324865e-01	4.089167e-01	5.394138e-01	4.832543e-01	4.862680e-01	5.532749e-01	4.148094e-01	4.445390e-01	4.134739e-01	4.796247e-01	4.901146e-01	4.569784e-01	4.396572e-01	3.141447e-01	4.579604e-01	5.224005e-01	1.994196e-01	5.388994e-01	4.656963e-01	2.091678e-01	4.410914e-01	4.876883e-01	5.055144e-01	4.748305e-01	4.685653e-01	3.944564e-01	4.529659e-01	3.771297e-01	1.664052e-01	3.891588e-01	4.959403e-01	4.646080e-01	3.050161e-01	3.708966e-01	5.118579e-01	4.103600e-01	5.361036e-01	3.988708e-01	4.003002e-01	3.578587e-01	2.123694e-01	3.361144e-01	5.203659e-01	4.560748e-01	4.157660e-01	4.272606e-01	4.015956e-01	3.930020e-01	4.037094e-01	4.562016e-01	4.379384e-01	4.690932e-01	3.571075e-01	3.215521e-01	4.373635e-01	4.530540e-01	5.247848e-01	4.690018e-01	4.267502e-01	4.088900e-01	5.120169e-01	3.480835e-01	7.935353e-02	1.558633e-01	3.447154e-01	4.020348e-01	1.529448e-01	4.710930e-03	2.331297e-01	2.450125e-01	1.919839e-01	1.733345e-01	1.653989e-01	1.530635e-01	9.924111e-02	
4.213427e-01	3.214624e-01	5.690345e-01	2.480333e-01	4.458778e-01	4.782501e-01	4.989695e-01	5.718661e-01	4.140279e-01	3.192437e-01	6.985703e-01	3.960359e-01	4.370183e-01	4.129845e-01	6.831670e-01	3.295790e-01	3.693984e-01	4.419778e-01	5.864592e-01	3.942145e-01	4.766433e-01	5.974872e-01	3.292327e-01	4.996156e-01	4.374771e-01	5.481615e-01	2.786382e-01	2.364013e-01	4.448280e-01	4.591088e-01	3.793114e-01	3.239243e-01	4.040490e-01	4.235141e-01	6.488795e-01	5.379369e-01	3.342933e-01	4.416185e-01	5.362040e-01	4.316566e-01	5.035061e-01	5.911470e-01	4.662990e-01	4.325815e-01	4.445011e-01	5.107771e-01	4.462666e-01	4.515503e-01	4.335885e-01	5.537773e-01	5.428762e-01	6.256939e-01	4.269681e-01	4.217710e-01	4.483133e-01	4.097020e-01	6.182992e-01	4.491319e-01	3.366135e-01	3.476321e-01	5.550614e-01	4.380051e-01	4.002635e-01	4.688488e-01	4.583814e-01	4.511444e-01	5.062196e-01	6.225643e-01	4.187932e-01	4.457682e-01	5.636113e-01	5.858718e-01	3.957021e-01	5.753155e-01	4.077567e-01	2.733812e-01	4.071268e-01	3.887532e-01	2.974326e-01	4.085250e-01	6.993888e-01	7.062610e-01	4.597655e-01	4.611628e-01	3.832571e-01	4.002737e-01	4.267499e-01	2.386073e-01	4.802961e-01	5.639189e-01	5.453077e-01	3.637017e-01	4.675122e-01	4.080944e-01	4.570164e-01	4.679983e-01	5.460809e-01	5.043854e-01	3.838155e-01	1.974193e-01	2.989215e-01	4.571100e-01	6.029660e-01	5.377706e-01	4.330534e-01	3.567550e-01	3.534737e-01	4.786327e-01	4.419130e-01	5.218867e-01	4.238482e-01	4.492973e-01	3.737960e-01	5.382374e-01	3.927680e-01	5.251630e-01	4.060526e-01	4.624128e-01	4.503544e-01	4.323786e-01	4.999271e-01	6.086112e-02	1.289211e-01	4.392458e-01	4.667436e-01	1.735488e-01	2.272814e-02	2.297299e-01	3.537714e-01	2.490144e-01	1.689221e-01	1.526404e-01	1.699747e-01	1.219788e-01	
3.051907e-01	2.675325e-01	3.790895e-01	1.734579e-01	2.748209e-01	2.837766e-01	3.215636e-01	3.555795e-01	3.475231e-01	2.398069e-01	4.236894e-01	3.292802e-01	3.449047e-01	3.317714e-01	3.295790e-01	4.718618e-01	2.826666e-01	3.788281e-01	3.528933e-01	2.887459e-01	3.603107e-01	3.843472e-01	2.477530e-01	3.415085e-01	3.565401e-01	3.614233e-01	2.457377e-01	2.093642e-01	3.314752e-01	3.264379e-01	3.320965e-01	2.543794e-01	3.257797e-01	3.319072e-01	4.150162e-01	3.258035e-01	2.780956e-01	3.395985e-01	3.541376e-01	3.115112e-01	3.309502e-01	3.699443e-01	3.535948e-01	3.760924e-01	2.959640e-01	3.470342e-01	2.831466e-01	3.837628e-01	3.667270e-01	3.664100e-01	3.408020e-01	3.676924e-01	3.567639e-01	3.406610e-01	3.775852e-01	3.184655e-01	3.758910e-01	3.488722e-01	2.932815e-01	3.013427e-01	3.445529e-01	3.871932e-01	3.178427e-01	3.897404e-01	3.778568e-01	3.179768e-01	3.235483e-01	3.536281e-01	3.418939e-01	3.723449e-01	3.863203e-01	3.690092e-01	2.819968e-01	3.667765e-01	3.691553e-01	2.325870e-01	3.598830e-01	3.231535e-01	2.333642e-01	3.318079e-01	4.313262e-01	4.221114e-01	3.468764e-01	3.246986e-01	3.172951e-01	3.397582e-01	3.509256e-01	1.980967e-01	2.929138e-01	3.645481e-01	3.535742e-01	3.080272e-01	3.165220e-01	3.528214e-01	3.004846e-01	3.567121e-01	3.521810e-01	3.453884e-01	3.266712e-01	1.728706e-01	2.345831e-01	3.577547e-01	3.870194e-01	3.562813e-01	3.541274e-01	2.961627e-01	2.762896e-01	3.193361e-01	3.454393e-01	3.280406e-01	3.119445e-01	2.604749e-01	3.035063e-01	3.593100e-01	3.265719e-01	4.274375e-01	3.441640e-01	3.464658e-01	3.657121e-01	3.799763e-01	2.983794e-01	4.043934e-02	1.260892e-01	2.818739e-01	3.087762e-01	1.308987e-01	3.682831e-02	2.007076e-01	2.285044e-01	2.043142e-01	1.370905e-01	1.247266e-01	1.461289e-01	8.445058e-02	
3.589558e-01	3.203537e-01	4.453804e-01	2.155452e-01	3.098391e-01	3.400398e-01	3.509990e-01	4.371683e-01	2.948990e-01	2.765632e-01	5.170626e-01	2.880999e-01	3.348112e-01	2.690429e-01	3.693984e-01	2.826666e-01	5.433684e-01	3.208255e-01	4.413414e-01	2.909892e-01	3.330726e-01	4.677323e-01	2.949386e-01	3.626764e-01	3.897668e-01	4.033760e-01	2.978191e-01	2.662232e-01	3.058276e-01	3.527871e-01	3.314677e-01	2.952536e-01	3.181844e-01	2.859026e-01	4.783489e-01	4.252029e-01	3.270271e-01	3.413727e-01	3.897904e-01	3.136998e-01	3.810279e-01	4.218051e-01	3.301374e-01	3.119891e-01	3.111657e-01	3.576912e-01	3.110172e-01	3.640753e-01	3.434135e-01	4.010289e-01	3.989001e-01	5.018240e-01	3.247549e-01	3.068439e-01	3.288165e-01	3.006740e-01	4.821123e-01	3.816236e-01	2.504215e-01	3.065628e-01	3.949679e-01	3.220340e-01	2.762617e-01	3.874024e-01	3.022757e-01	3.208489e-01	3.349431e-01	4.696696e-01	3.050953e-01	3.379055e-01	4.241486e-01	4.279738e-01	3.028399e-01	4.298386e-01	3.074210e-01	2.867627e-01	2.818809e-01	2.725488e-01	3.070525e-01	3.275154e-01	5.716771e-01	5.263148e-01	3.377432e-01	3.182659e-01	3.165080e-01	2.957947e-01	3.724969e-01	2.629089e-01	3.504514e-01	3.993344e-01	3.876472e-01	3.461079e-01	3.568036e-01	3.005957e-01	3.418831e-01	3.318494e-01	4.193826e-01	3.540166e-01	3.509120e-01	1.728175e-01	2.354106e-01	3.245641e-01	4.471280e-01	3.870176e-01	3.572215e-01	2.727443e-01	2.674321e-01	3.342814e-01	3.109443e-01	3.810153e-01	2.958812e-01	3.106420e-01	3.340157e-01	3.835984e-01	2.880323e-01	4.071687e-01	3.113357e-01	3.663727e-01	3.849923e-01	3.114785e-01	3.848295e-01	5.771631e-02	1.100856e-01	3.219592e-01	3.483712e-01	1.327706e-01	3.862076e-02	1.806530e-01	2.859672e-01	2.152729e-01	1.305627e-01	1.254944e-01	1.503250e-01	1.142074e-01	
3.541843e-01	3.004597e-01	4.852182e-01	2.674703e-01	4.449396e-01	4.328335e-01	5.021904e-01	4.617835e-01	5.056420e-01	3.378955e-01	5.373966e-01	5.298498e-01	4.832481e-01	5.622300e-01	4.419778e-01	3.788281e-01	3.208255e-01	8.282869e-01	4.443725e-01	3.579229e-01	6.069097e-01	4.954705e-01	2.885325e-01	4.526824e-01	4.638610e-01	5.026799e-01	2.739500e-01	2.384439e-01	5.904426e-01	4.169402e-01	4.304332e-01	2.587569e-01	4.451890e-01	4.868290e-01	5.547329e-01	4.120342e-01	3.019962e-01	4.683251e-01	4.616208e-01	4.467881e-01	4.237664e-01	5.033899e-01	5.652432e-01	5.910795e-01	4.692006e-01	5.566502e-01	4.336895e-01	5.456138e-01	5.471792e-01	4.623463e-01	4.412637e-01	4.802807e-01	5.507578e-01	5.248681e-01	5.637568e-01	4.611151e-01	4.766896e-01	4.288110e-01	5.088123e-01	3.906533e-01	4.403358e-01	6.110940e-01	5.650450e-01	5.390371e-01	6.250325e-01	4.656812e-01	4.880463e-01	4.509587e-01	5.215228e-01	5.369517e-01	5.082212e-01	4.850991e-01	3.548873e-01	4.914464e-01	5.886730e-01	2.500545e-01	6.076950e-01	5.147255e-01	2.523738e-01	5.079858e-01	5.278662e-01	5.450937e-01	5.433792e-01	5.280760e-01	4.692595e-01	5.041435e-01	4.352763e-01	1.993792e-01	4.337999e-01	5.702767e-01	5.007567e-01	3.463966e-01	4.056708e-01	5.713898e-01	4.653834e-01	5.955835e-01	4.416751e-01	4.408194e-01	4.215275e-01	2.425860e-01	3.885418e-01	5.756064e-01	4.782839e-01	4.684634e-01	4.765485e-01	4.722386e-01	4.340799e-01	4.511761e-01	5.218545e-01	4.958820e-01	5.203880e-01	3.819617e-01	3.594485e-01	4.599275e-01	5.030925e-01	5.789730e-01	5.417387e-01	4.721280e-01	4.718260e-01	5.772603e-01	3.875852e-01	1.130447e-01	1.959520e-01	3.870492e-01	4.484363e-01	1.834770e-01	4.402600e-02	2.822163e-01	2.656422e-01	2.362084e-01	2.095317e-01	1.864334e-01	1.881124e-01	1.226743e-01	
5.078787e-01	3.842863e-01	6.678316e-01	2.919143e-01	5.657234e-01	6.043592e-01	6.066280e-01	7.384950e-01	4.266208e-01	3.691678e-01	8.870070e-01	4.103742e-01	4.688279e-01	3.993214e-01	5.864592e-01	3.528933e-01	4.413414e-01	4.443725e-01	9.487446e-01	4.508708e-01	5.084620e-01	7.652211e-01	3.913448e-01	5.681307e-01	5.030901e-01	6.389229e-01	3.493944e-01	2.916545e-01	4.655529e-01	5.466469e-01	3.973112e-01	4.047239e-01	4.194142e-01	4.214853e-01	7.912133e-01	6.999415e-01	4.045320e-01	4.601163e-01	6.173363e-01	4.771632e-01	5.993795e-01	7.089452e-01	5.322942e-01	4.238559e-01	5.178315e-01	6.132810e-01	5.464456e-01	4.822483e-01	4.772257e-01	6.372987e-01	6.463323e-01	8.301900e-01	4.505404e-01	4.286922e-01	4.416065e-01	4.250748e-01	7.879590e-01	5.023805e-01	3.573135e-01	4.032007e-01	6.858477e-01	4.444254e-01	3.789993e-01	5.061042e-01	4.451057e-01	4.853734e-01	5.320871e-01	8.056225e-01	4.132207e-01	4.681785e-01	6.545873e-01	7.214638e-01	4.634930e-01	7.027754e-01	3.852631e-01	3.664414e-01	3.987948e-01	3.940536e-01	3.517529e-01	4.314288e-01	9.287416e-01	9.009346e-01	4.931452e-01	5.615894e-01	4.212854e-01	4.159945e-01	4.790749e-01	3.216218e-01	6.147146e-01	6.979429e-01	6.589718e-01	4.323173e-01	5.415040e-01	4.068392e-01	5.820781e-01	4.767274e-01	6.682690e-01	5.751749e-01	4.170553e-01	2.391606e-01	3.503439e-01	4.621806e-01	7.075410e-01	5.994664e-01	4.633680e-01	3.445668e-01	3.779155e-01	5.390588e-01	4.633402e-01	6.550601e-01	4.716729e-01	5.849873e-01	4.216721e-01	6.300476e-01	4.071149e-01	5.548803e-01	4.457190e-01	5.052573e-01	4.828228e-01	4.587666e-01	6.360876e-01	9.594612e-02	1.415924e-01	5.282771e-01	5.879504e-01	1.932612e-01	5.721201e-02	2.357205e-01	4.362175e-01	2.818986e-01	1.995301e-01	1.722297e-01	1.822470e-01	1.430201e-01	
3.401622e-01	2.767930e-01	4.478563e-01	1.870644e-01	3.249756e-01	3.408786e-01	3.657819e-01	4.334593e-01	3.461515e-01	2.503701e-01	5.248953e-01	3.178723e-01	3.421165e-01	3.304924e-01	3.942145e-01	2.887459e-01	2.909892e-01	3.579229e-01	4.508708e-01	5.068395e-01	3.736981e-01	4.824557e-01	2.661572e-01	3.969347e-01	3.646371e-01	4.244760e-01	2.561629e-01	1.941935e-01	3.400138e-01	3.655214e-01	3.280559e-01	2.737722e-01	3.263708e-01	3.212232e-01	5.021939e-01	4.164327e-01	2.804272e-01	3.478647e-01	4.226251e-01	3.416625e-01	3.859246e-01	4.429447e-01	3.634538e-01	3.482365e-01	3.272584e-01	3.830597e-01	3.312388e-01	3.932373e-01	3.712814e-01	4.188273e-01	4.127863e-01	4.691726e-01	3.430843e-01	3.336695e-01	3.581406e-01	3.417691e-01	4.759892e-01	3.828340e-01	2.901454e-01	2.995961e-01	4.320742e-01	3.677920e-01	3.149849e-01	3.912661e-01	3.691143e-01	3.569215e-01	3.782475e-01	4.630694e-01	3.411562e-01	3.751525e-01	4.408924e-01	4.464238e-01	3.084222e-01	4.416991e-01	3.410260e-01	2.356453e-01	3.409511e-01	3.132764e-01	2.480866e-01	3.371138e-01	5.440634e-01	5.296672e-01	3.680630e-01	3.421323e-01	3.201029e-01	3.389294e-01	3.611206e-01	1.990010e-01	3.503714e-01	4.242319e-01	4.127974e-01	3.264353e-01	3.719322e-01	3.363177e-01	3.363215e-01	3.657478e-01	4.204706e-01	3.973082e-01	3.253863e-01	1.724793e-01	2.461107e-01	3.570022e-01	4.701505e-01	4.151005e-01	3.575206e-01	2.902113e-01	2.804063e-01	3.599368e-01	3.603674e-01	3.857706e-01	3.294867e-01	3.168517e-01	3.225764e-01	4.152125e-01	3.378219e-01	4.426519e-01	3.517275e-01	3.672716e-01	3.730570e-01	3.675902e-01	3.910026e-01	4.330484e-02	9.873600e-02	3.238266e-01	3.553909e-01	1.537688e-01	1.429063e-02	1.944161e-01	2.839125e-01	2.068112e-01	1.356399e-01	1.255255e-01	1.313613e-01	9.962941e-02	
3.675839e-01	3.021317e-01	5.026647e-01	2.462202e-01	4.411522e-01	4.760255e-01	5.278049e-01	5.211315e-01	4.905845e-01	3.505441e-01	5.872136e-01	5.161555e-01	4.706483e-01	5.373674e-01	4.766433e-01	3.603107e-01	3.330726e-01	6.069097e-01	5.084620e-01	3.736981e-01	7.887510e-01	5.351491e-01	2.919017e-01	4.887246e-01	4.438629e-01	5.202287e-01	2.569547e-01	2.122598e-01	5.698084e-01	4.310657e-01	3.971304e-01	2.750601e-01	4.422135e-01	4.828098e-01	5.899804e-01	4.647507e-01	2.958787e-01	4.600112e-01	4.855719e-01	4.402058e-01	4.568093e-01	5.646515e-01	5.669307e-01	5.701438e-01	4.880060e-01	5.616839e-01	4.539006e-01	5.211316e-01	5.229196e-01	5.074727e-01	4.837027e-01	5.541516e-01	5.309359e-01	5.093713e-01	5.551061e-01	4.536814e-01	5.285955e-01	4.152325e-01	4.747165e-01	3.681272e-01	4.709539e-01	5.812710e-01	5.376311e-01	5.238166e-01	6.040967e-01	4.602050e-01	5.067123e-01	5.166755e-01	5.054890e-01	5.233862e-01	5.283146e-01	5.196771e-01	3.674314e-01	5.211203e-01	5.574338e-01	2.575130e-01	5.650964e-01	5.107798e-01	2.600322e-01	4.857309e-01	5.846751e-01	6.195383e-01	5.277644e-01	5.325796e-01	4.556804e-01	4.910483e-01	4.167315e-01	2.030432e-01	4.729416e-01	5.710641e-01	5.346907e-01	3.408067e-01	4.366331e-01	5.306843e-01	4.739249e-01	6.136967e-01	4.807205e-01	4.723273e-01	3.986940e-01	2.363648e-01	3.754828e-01	5.452560e-01	5.302120e-01	4.856530e-01	4.554696e-01	4.445343e-01	4.396285e-01	4.720362e-01	4.983378e-01	5.153558e-01	5.151922e-01	4.119717e-01	3.490551e-01	4.993714e-01	4.863151e-01	5.783759e-01	5.395798e-01	4.898090e-01	4.561541e-01	5.599512e-01	4.246705e-01	1.036384e-01	1.861722e-01	4.071758e-01	4.787938e-01	1.760755e-01	3.464043e-02	2.780586e-01	2.994540e-01	2.311217e-01	2.113949e-01	1.734749e-01	1.785200e-01	1.353808e-01	
5.282026e-01	4.144144e-01	6.856191e-01	3.075136e-01	5.621879e-01	6.054939e-01	6.020493e-01	7.366779e-01	4.505952e-01	3.821544e-01	8.794963e-01	4.488958e-01	4.942394e-01	4.590672e-01	5.974872e-01	3.843472e-01	4.677323e-01	4.954705e-01	7.652211e-01	4.824557e-01	5.351491e-01	9.603887e-01	4.121251e-01	5.815751e-01	5.369973e-01	6.482734e-01	3.760781e-01	3.068987e-01	4.761958e-01	5.584530e-01	4.349343e-01	4.260625e-01	4.534229e-01	4.546471e-01	8.073768e-01	7.250355e-01	4.175770e-01	4.835858e-01	6.346160e-01	4.956677e-01	6.091647e-01	7.354773e-01	5.436302e-01	4.791021e-01	5.332621e-01	6.199119e-01	5.432626e-01	5.245104e-01	4.977679e-01	6.505558e-01	6.435798e-01	8.291462e-01	4.848810e-01	4.818714e-01	4.955354e-01	4.679062e-01	7.891434e-01	5.317389e-01	3.890274e-01	4.201588e-01	6.764866e-01	4.990257e-01	4.298514e-01	5.472142e-01	5.012628e-01	5.177995e-01	5.468975e-01	7.964135e-01	4.626507e-01	5.010315e-01	6.642364e-01	7.175903e-01	4.775400e-01	7.145962e-01	4.348279e-01	3.779191e-01	4.462305e-01	4.361156e-01	3.701062e-01	4.795098e-01	9.308790e-01	9.115447e-01	5.222402e-01	5.702890e-01	4.464536e-01	4.550945e-01	5.040869e-01	3.303149e-01	6.149429e-01	6.992519e-01	6.590131e-01	4.660612e-01	5.535894e-01	4.513693e-01	5.913211e-01	5.088094e-01	6.803698e-01	5.886870e-01	4.693320e-01	2.497969e-01	3.753940e-01	4.884816e-01	7.226020e-01	5.949817e-01	5.056487e-01	3.817810e-01	3.968216e-01	5.439259e-01	5.101623e-01	6.512074e-01	4.940513e-01	5.772179e-01	4.402937e-01	6.327090e-01	4.466289e-01	5.959873e-01	4.754943e-01	5.381295e-01	5.169243e-01	4.859867e-01	6.599612e-01	8.667464e-02	1.457784e-01	5.326179e-01	5.834714e-01	1.957623e-01	4.710857e-02	2.532188e-01	4.359214e-01	2.831055e-01	1.970977e-01	1.830993e-01	1.996754e-01	1.349811e-01	
