6.335824e-01	3.863455e-01	4.830052e-01	2.600271e-01	4.788902e-01	3.965694e-01	4.661621e-01	6.012218e-01	3.393724e-01	2.808800e-01	6.286454e-01	3.612861e-01	3.981575e-01	3.001081e-01	4.373536e-01	4.044223e-01	3.316993e-01	3.568425e-01	5.987402e-01	4.127644e-01	3.973992e-01	5.542663e-01	3.409825e-01	4.353084e-01	3.919650e-01	4.839589e-01	3.221312e-01	3.000445e-01	3.332326e-01	4.338724e-01	4.270259e-01	4.171390e-01	3.654174e-01	3.447072e-01	3.988107e-01	5.117863e-01	5.317073e-01	3.158933e-01	4.185620e-01	5.267397e-01	3.850482e-01	5.380721e-01	4.891942e-01	4.417619e-01	3.510039e-01	4.001293e-01	4.796089e-01	4.104322e-01	4.514045e-01	4.206390e-01	5.540848e-01	4.816832e-01	6.004232e-01	4.073540e-01	3.798057e-01	4.126533e-01	3.950690e-01	6.016049e-01	4.205970e-01	3.055452e-01	3.792484e-01	4.175924e-01	4.235119e-01	3.856150e-01	3.882436e-01	3.492592e-01	4.139654e-01	4.386424e-01	5.415681e-01	3.456513e-01	4.085867e-01	4.718513e-01	5.113956e-01	3.908561e-01	5.981779e-01	3.721555e-01	3.455615e-01	3.617506e-01	3.818519e-01	3.006147e-01	3.694065e-01	7.083327e-01	5.890882e-01	4.495637e-01	4.166464e-01	3.993747e-01	3.747308e-01	4.392603e-01	2.834586e-01	4.429294e-01	5.292349e-01	4.477865e-01	3.802149e-01	4.206573e-01	3.583957e-01	4.365391e-01	3.503543e-01	5.002178e-01	4.893390e-01	4.773475e-01	2.228707e-01	2.597789e-01	3.582669e-01	5.511848e-01	4.698474e-01	4.077707e-01	3.142249e-01	3.177654e-01	4.356958e-01	4.281471e-01	4.409166e-01	3.332657e-01	4.192280e-01	3.722318e-01	4.740789e-01	3.235633e-01	4.141509e-01	4.256688e-01	4.607820e-01	3.987982e-01	4.214905e-01	5.829735e-01	3.897823e-02	1.788145e-01	4.972138e-01	4.356869e-01	2.064905e-01	9.226322e-02	2.133541e-01	3.291313e-01	2.437755e-01	1.673149e-01	1.871310e-01	1.793377e-01	2.081543e-01	
3.863455e-01	5.207722e-01	4.023191e-01	2.192099e-01	3.704569e-01	2.949092e-01	3.905947e-01	4.575393e-01	3.005642e-01	2.579297e-01	4.599665e-01	3.033808e-01	3.296366e-01	2.587532e-01	3.511077e-01	3.772780e-01	2.974800e-01	3.214976e-01	4.550956e-01	3.459702e-01	3.562030e-01	4.143137e-01	2.986786e-01	3.542243e-01	3.611752e-01	3.647924e-01	2.799970e-01	2.625755e-01	2.696467e-01	3.702717e-01	3.508756e-01	3.664186e-01	3.256294e-01	3.130502e-01	3.293636e-01	4.022499e-01	3.926568e-01	2.806931e-01	3.428245e-01	4.078101e-01	3.296422e-01	4.131039e-01	3.645750e-01	3.628527e-01	2.892016e-01	3.249921e-01	3.859977e-01	3.352657e-01	3.882226e-01	3.762273e-01	4.277027e-01	3.695848e-01	4.602905e-01	3.554929e-01	3.399623e-01	3.494314e-01	3.385915e-01	4.536876e-01	3.728767e-01	2.812356e-01	3.345600e-01	3.123284e-01	3.753298e-01	3.169653e-01	3.569763e-01	2.993533e-01	3.321089e-01	3.464984e-01	4.084700e-01	2.912527e-01	3.733031e-01	3.783282e-01	3.699940e-01	3.218915e-01	4.517206e-01	3.476033e-01	3.087535e-01	3.279207e-01	3.136625e-01	2.848352e-01	3.317776e-01	5.235963e-01	4.353566e-01	3.871269e-01	3.443846e-01	3.480122e-01	3.392351e-01	3.873626e-01	2.503547e-01	3.511458e-01	4.206809e-01	3.611660e-01	3.375537e-01	3.315646e-01	3.230871e-01	3.528972e-01	2.931919e-01	3.742382e-01	3.664162e-01	4.120828e-01	1.864695e-01	2.101559e-01	3.041755e-01	4.326653e-01	3.664125e-01	3.729877e-01	2.896433e-01	2.746007e-01	3.581764e-01	3.638814e-01	3.505277e-01	2.732660e-01	3.099818e-01	3.491890e-01	3.783331e-01	2.774078e-01	3.861226e-01	3.855486e-01	3.998468e-01	3.644296e-01	3.720291e-01	4.308904e-01	1.923034e-02	1.482978e-01	3.741310e-01	3.397705e-01	1.773908e-01	6.897340e-02	1.720024e-01	2.585378e-01	2.242628e-01	1.333620e-01	1.413363e-01	1.382620e-01	1.817989e-01	
4.830052e-01	4.023191e-01	7.347969e-01	2.742591e-01	5.078987e-01	4.635406e-01	5.197567e-01	6.648146e-01	3.990207e-01	3.176403e-01	7.211188e-01	3.815802e-01	4.395745e-01	3.349143e-01	5.199200e-01	4.405966e-01	3.510121e-01	4.029304e-01	6.669734e-01	4.746852e-01	4.502558e-01	6.025847e-01	3.783754e-01	5.227002e-01	4.357420e-01	5.657607e-01	3.246245e-01	2.902561e-01	3.733406e-01	5.069664e-01	5.117894e-01	4.349316e-01	3.862164e-01	4.168556e-01	4.514644e-01	5.928836e-01	5.839726e-01	3.196255e-01	4.912974e-01	6.148420e-01	4.620801e-01	6.392368e-01	5.544791e-01	4.739938e-01	4.051321e-01	4.452085e-01	5.430078e-01	4.549129e-01	5.062077e-01	4.773488e-01	6.542465e-01	5.479011e-01	6.578173e-01	4.553692e-01	4.389606e-01	4.704061e-01	4.606458e-01	6.710583e-01	4.745498e-01	3.596039e-01	4.220490e-01	5.091546e-01	4.548244e-01	4.433438e-01	4.429116e-01	4.025320e-01	4.809087e-01	5.185357e-01	6.251339e-01	3.933311e-01	4.714814e-01	5.625962e-01	5.987001e-01	4.290892e-01	6.923718e-01	4.320795e-01	3.233876e-01	4.048335e-01	4.221779e-01	2.986648e-01	4.235999e-01	8.040712e-01	6.586083e-01	5.154933e-01	4.601238e-01	4.391716e-01	4.243601e-01	4.621023e-01	2.698996e-01	5.042833e-01	5.820412e-01	4.932219e-01	4.117519e-01	4.845467e-01	4.067181e-01	4.687790e-01	3.820380e-01	5.843842e-01	5.702724e-01	5.216394e-01	2.354395e-01	2.763632e-01	3.812677e-01	6.557136e-01	5.515913e-01	4.721463e-01	3.728717e-01	3.521261e-01	5.224247e-01	4.788903e-01	4.721384e-01	3.725559e-01	4.462024e-01	4.183345e-01	5.633272e-01	3.667315e-01	4.824559e-01	4.454972e-01	5.107053e-01	4.434974e-01	4.953743e-01	6.642681e-01	2.032778e-02	1.766233e-01	5.820560e-01	4.834120e-01	2.001395e-01	9.417971e-02	2.058924e-01	3.849307e-01	2.578619e-01	1.739615e-01	1.678307e-01	1.745708e-01	2.162699e-01	
2.600271e-01	2.192099e-01	2.742591e-01	3.614653e-01	2.823181e-01	2.349438e-01	3.020791e-01	3.495328e-01	2.350830e-01	1.705697e-01	3.485713e-01	2.427876e-01	2.517922e-01	2.175373e-01	2.681318e-01	2.654611e-01	1.861372e-01	2.517497e-01	3.369166e-01	2.472928e-01	2.914412e-01	3.130828e-01	1.783422e-01	2.752703e-01	2.432417e-01	2.841832e-01	1.955342e-01	1.696376e-01	2.378280e-01	2.742591e-01	2.659908e-01	2.586661e-01	2.005012e-01	2.340486e-01	2.481236e-01	3.001066e-01	3.075865e-01	1.797776e-01	2.727940e-01	3.124741e-01	2.526148e-01	3.306021e-01	2.996863e-01	2.849394e-01	2.586418e-01	2.669346e-01	3.111160e-01	2.652838e-01	2.986586e-01	2.777162e-01	3.256574e-01	2.733025e-01	3.353601e-01	2.724249e-01	2.495050e-01	2.745807e-01	2.692201e-01	3.471962e-01	2.505274e-01	2.188188e-01	2.373519e-01	2.477625e-01	2.670944e-01	2.552076e-01	2.681225e-01	2.450420e-01	2.567271e-01	2.774739e-01	2.979242e-01	2.380337e-01	2.773372e-01	2.687600e-01	2.901369e-01	2.186117e-01	3.543811e-01	2.656237e-01	1.813985e-01	2.601052e-01	2.650907e-01	1.750814e-01	2.730939e-01	4.047498e-01	3.333712e-01	3.114217e-01	2.836678e-01	2.679480e-01	2.494813e-01	2.578183e-01	1.602283e-01	2.634269e-01	3.251001e-01	2.829738e-01	2.225140e-01	2.420778e-01	2.541310e-01	2.806791e-01	2.369836e-01	2.725627e-01	2.910333e-01	2.809877e-01	1.361826e-01	1.726818e-01	2.484770e-01	3.270759e-01	2.711617e-01	2.657562e-01	2.043613e-01	2.259184e-01	2.676603e-01	2.863222e-01	2.769779e-01	2.361887e-01	2.408128e-01	2.268402e-01	2.842845e-01	2.128702e-01	2.810613e-01	2.719734e-01	2.991183e-01	2.518468e-01	2.920549e-01	3.354494e-01	4.106901e-02	1.164002e-01	2.938573e-01	2.790037e-01	1.416001e-01	6.617147e-02	1.428457e-01	1.862158e-01	1.578619e-01	1.244385e-01	1.219193e-01	1.144585e-01	1.491609e-01	
4.788902e-01	3.704569e-01	5.078987e-01	2.823181e-01	8.358770e-01	5.564882e-01	6.581591e-01	7.380915e-01	3.798837e-01	3.006737e-01	7.529078e-01	4.366499e-01	4.457847e-01	4.059527e-01	5.129349e-01	4.292606e-01	3.267178e-01	4.682479e-01	7.103348e-01	4.306671e-01	5.092292e-01	6.437691e-01	3.376215e-01	4.935166e-01	4.290633e-01	5.366041e-01	3.638583e-01	3.001933e-01	4.495773e-01	5.098886e-01	4.591248e-01	4.626775e-01	3.527589e-01	3.776620e-01	4.656016e-01	5.914033e-01	6.225005e-01	2.808462e-01	4.536822e-01	5.805003e-01	4.189642e-01	6.254277e-01	5.890680e-01	5.867245e-01	4.665967e-01	5.567870e-01	6.656526e-01	5.667418e-01	4.935603e-01	4.512350e-01	6.291271e-01	5.115779e-01	7.160875e-01	5.001510e-01	4.447458e-01	4.997085e-01	4.501560e-01	7.082133e-01	4.227643e-01	3.896174e-01	4.118134e-01	4.992496e-01	4.642707e-01	4.604871e-01	4.065894e-01	4.302125e-01	4.749105e-01	4.870825e-01	6.333907e-01	4.256777e-01	4.840606e-01	4.935837e-01	5.960668e-01	4.381413e-01	7.075742e-01	4.554320e-01	3.405194e-01	4.972400e-01	4.853980e-01	3.242189e-01	4.224566e-01	8.458043e-01	7.185950e-01	5.416070e-01	5.955554e-01	4.205466e-01	4.412784e-01	4.238536e-01	2.958417e-01	5.650447e-01	6.976939e-01	5.778178e-01	4.018973e-01	4.552483e-01	4.550505e-01	6.016779e-01	4.659373e-01	5.355619e-01	5.459801e-01	4.990430e-01	2.448221e-01	3.327384e-01	4.506211e-01	5.951725e-01	5.196111e-01	4.298529e-01	3.472295e-01	4.026722e-01	4.928516e-01	4.679314e-01	5.885682e-01	4.446346e-01	5.790637e-01	3.876156e-01	5.029384e-01	3.762149e-01	4.408475e-01	5.067326e-01	4.906020e-01	4.245856e-01	4.901444e-01	6.983198e-01	7.552991e-02	1.466834e-01	6.136690e-01	6.218917e-01	1.766346e-01	1.290674e-01	1.968741e-01	3.490017e-01	2.241936e-01	1.610507e-01	1.914159e-01	1.566163e-01	2.093576e-01	
3.965694e-01	2.949092e-01	4.635406e-01	2.349438e-01	5.564882e-01	6.746713e-01	5.668279e-01	6.372440e-01	3.169165e-01	2.460985e-01	6.830356e-01	3.482622e-01	3.679845e-01	3.256236e-01	4.781125e-01	3.442822e-01	2.530301e-01	3.663045e-01	6.208813e-01	3.704845e-01	4.150195e-01	5.528723e-01	2.800806e-01	4.379532e-01	3.499726e-01	4.882379e-01	2.863462e-01	2.441593e-01	3.695743e-01	4.158403e-01	4.060099e-01	3.555803e-01	2.922054e-01	3.224364e-01	3.936383e-01	5.295328e-01	5.635255e-01	2.276456e-01	3.896960e-01	5.291173e-01	3.667501e-01	5.668400e-01	5.425373e-01	4.842497e-01	3.748943e-01	4.589212e-01	5.756827e-01	4.808644e-01	4.070534e-01	3.782030e-01	5.598827e-01	4.574480e-01	6.309043e-01	4.239373e-01	3.602508e-01	4.269801e-01	3.864434e-01	6.346713e-01	3.454212e-01	3.355755e-01	3.334893e-01	4.660971e-01	3.741546e-01	3.854002e-01	3.076534e-01	3.600731e-01	4.266383e-01	4.396832e-01	5.826505e-01	3.525960e-01	3.839914e-01	4.612091e-01	5.437116e-01	3.898030e-01	6.204384e-01	3.558363e-01	2.433718e-01	3.948759e-01	3.861167e-01	2.464996e-01	3.550969e-01	7.619982e-01	6.509542e-01	4.759434e-01	5.082781e-01	3.610165e-01	3.550619e-01	3.355631e-01	2.353347e-01	5.072604e-01	5.937235e-01	5.036559e-01	3.164864e-01	4.106712e-01	3.698298e-01	5.056253e-01	3.963228e-01	5.008641e-01	4.902414e-01	3.892013e-01	1.972453e-01	2.770974e-01	3.692620e-01	5.539326e-01	4.626720e-01	3.634751e-01	2.798126e-01	3.320055e-01	4.258973e-01	3.978288e-01	4.992857e-01	3.904559e-01	5.074394e-01	3.304288e-01	4.510739e-01	3.031071e-01	3.677415e-01	4.085227e-01	4.215671e-01	3.503557e-01	4.121725e-01	6.420485e-01	7.281356e-02	1.201608e-01	5.572879e-01	5.306893e-01	1.331811e-01	1.093124e-01	1.677532e-01	3.204578e-01	1.679350e-01	1.341940e-01	1.433791e-01	1.103222e-01	1.736313e-01	
4.661621e-01	3.905947e-01	5.197567e-01	3.020791e-01	6.581591e-01	5.668279e-01	8.720493e-01	7.240961e-01	4.319400e-01	3.157544e-01	7.571260e-01	4.824845e-01	4.816067e-01	4.502120e-01	5.369684e-01	4.447573e-01	3.412658e-01	5.179269e-01	6.952301e-01	4.532041e-01	5.716075e-01	6.298862e-01	3.536541e-01	5.204175e-01	4.457389e-01	5.844369e-01	3.416355e-01	3.108806e-01	5.004926e-01	5.488012e-01	4.832763e-01	4.751627e-01	3.535403e-01	4.206262e-01	5.129616e-01	6.029828e-01	6.304167e-01	2.942451e-01	4.851706e-01	5.876130e-01	4.442191e-01	6.588424e-01	6.144401e-01	6.049894e-01	4.968456e-01	5.836165e-01	6.877529e-01	5.780768e-01	5.474586e-01	5.112189e-01	6.486634e-01	5.239895e-01	7.118899e-01	5.369302e-01	4.939747e-01	5.554656e-01	4.943343e-01	7.017236e-01	4.347744e-01	4.466797e-01	4.322650e-01	5.195640e-01	5.397734e-01	5.148836e-01	4.339577e-01	4.884128e-01	5.011185e-01	5.163317e-01	6.538354e-01	4.607391e-01	5.174209e-01	5.284884e-01	6.054266e-01	4.498360e-01	7.194613e-01	5.135582e-01	3.221926e-01	5.423932e-01	5.333483e-01	3.202709e-01	4.786925e-01	8.538173e-01	7.141517e-01	6.048267e-01	6.315277e-01	4.942164e-01	4.845247e-01	4.355450e-01	2.828405e-01	5.776151e-01	7.080278e-01	6.081792e-01	4.212372e-01	4.759428e-01	5.184390e-01	6.164313e-01	5.333387e-01	5.555065e-01	5.577665e-01	5.040143e-01	2.405051e-01	3.477838e-01	4.969991e-01	6.338994e-01	5.194681e-01	4.873374e-01	3.868626e-01	4.459496e-01	5.267239e-01	5.278437e-01	6.058151e-01	4.974436e-01	5.699467e-01	4.064448e-01	5.159994e-01	4.144125e-01	4.998374e-01	5.337111e-01	5.305212e-01	4.554267e-01	5.494253e-01	7.025896e-01	8.432115e-02	1.454347e-01	6.410940e-01	6.218222e-01	1.657684e-01	1.205485e-01	2.048549e-01	3.563696e-01	2.312961e-01	1.624323e-01	1.802700e-01	1.457249e-01	2.178553e-01	
6.012218e-01	4.575393e-01	6.648146e-01	3.495328e-01	7.380915e-01	6.372440e-01	7.240961e-01	1.108894e+00	4.332302e-01	3.564980e-01	9.637944e-01	4.625780e-01	5.189318e-01	4.238712e-01	6.287486e-01	5.111896e-01	4.275915e-01	4.678057e-01	8.955024e-01	5.415165e-01	5.539483e-01	8.221682e-01	4.537693e-01	6.071288e-01	4.901441e-01	6.664421e-01	4.349749e-01	3.836341e-01	4.791896e-01	5.865355e-01	5.647969e-01	5.385982e-01	4.630795e-01	4.265620e-01	5.187419e-01	7.450441e-01	8.055278e-01	3.558983e-01	5.548465e-01	7.281857e-01	5.267745e-01	7.668773e-01	7.330526e-01	6.291737e-01	4.849286e-01	5.957692e-01	7.253194e-01	6.326434e-01	5.665565e-01	5.280493e-01	7.929290e-01	6.607072e-01	9.133777e-01	5.673780e-01	4.949110e-01	5.529489e-01	5.069462e-01	9.138003e-01	5.206895e-01	4.317788e-01	4.888642e-01	6.416609e-01	5.087989e-01	5.107287e-01	4.427696e-01	4.607759e-01	5.660698e-01	5.853373e-01	8.256365e-01	4.627127e-01	5.227373e-01	6.417174e-01	7.779675e-01	5.404694e-01	8.783915e-01	4.644691e-01	4.130519e-01	4.978562e-01	5.204504e-01	4.152565e-01	4.848901e-01	1.101200e+00	9.134308e-01	6.234072e-01	6.462011e-01	4.857935e-01	4.968234e-01	5.156540e-01	3.577850e-01	6.575040e-01	7.961402e-01	6.854101e-01	4.845631e-01	5.917384e-01	4.732086e-01	6.706166e-01	4.928789e-01	7.158064e-01	7.079218e-01	6.004880e-01	2.913296e-01	3.508894e-01	4.652482e-01	7.797045e-01	6.518811e-01	5.080989e-01	3.829825e-01	4.301520e-01	5.899347e-01	5.442055e-01	6.664046e-01	5.001560e-01	6.690385e-01	4.978682e-01	6.668701e-01	4.207407e-01	5.216685e-01	5.706750e-01	5.832937e-01	4.943660e-01	5.704512e-01	9.155218e-01	5.617854e-02	1.769781e-01	7.492991e-01	7.034954e-01	2.316486e-01	1.421249e-01	2.662681e-01	4.567682e-01	3.006552e-01	2.101290e-01	2.250822e-01	2.034162e-01	2.632493e-01	
3.393724e-01	3.005642e-01	3.990207e-01	2.350830e-01	3.798837e-01	3.169165e-01	4.319400e-01	4.332302e-01	5.910443e-01	2.752315e-01	4.759205e-01	4.150546e-01	4.069715e-01	3.646531e-01	4.032161e-01	3.839122e-01	2.673555e-01	4.568320e-01	4.366125e-01	3.641704e-01	4.921687e-01	4.022769e-01	2.548183e-01	4.338589e-01	3.740114e-01	4.429879e-01	2.364387e-01	2.132691e-01	3.978534e-01	4.670837e-01	4.133623e-01	3.817530e-01	2.780798e-01	3.926817e-01	4.238601e-01	4.201656e-01	3.940492e-01	2.428288e-01	4.291350e-01	4.334843e-01	4.056252e-01	4.731035e-01	4.158728e-01	4.423020e-01	3.949560e-01	3.868448e-01	4.556226e-01	3.552434e-01	4.958598e-01	4.569804e-01	4.868884e-01	3.707113e-01	4.377605e-01	4.514593e-01	4.412787e-01	4.659717e-01	4.515530e-01	4.440544e-01	3.867419e-01	3.629197e-01	3.700757e-01	3.498454e-01	4.959052e-01	4.639688e-01	4.411257e-01	4.518384e-01	4.151256e-01	4.325519e-01	4.002210e-01	4.085700e-01	4.643825e-01	4.244142e-01	3.941616e-01	3.187174e-01	4.812278e-01	4.738649e-01	2.183829e-01	4.733692e-01	4.373786e-01	2.104532e-01	4.257432e-01	5.073948e-01	4.300482e-01	4.988911e-01	3.874077e-01	4.543793e-01	4.163485e-01	3.935122e-01	1.838554e-01	3.788926e-01	4.484665e-01	3.816341e-01	3.323151e-01	3.463814e-01	4.390422e-01	3.572337e-01	4.195276e-01	3.974047e-01	4.282072e-01	4.165257e-01	1.893706e-01	2.786946e-01	4.288063e-01	4.670513e-01	4.008078e-01	4.405021e-01	3.699664e-01	3.995600e-01	4.273641e-01	4.802354e-01	3.646145e-01	3.692904e-01	3.018885e-01	3.191497e-01	4.108460e-01	3.844690e-01	4.703280e-01	4.543971e-01	4.633576e-01	4.039411e-01	4.903658e-01	4.204209e-01	4.868965e-02	1.553332e-01	4.513357e-01	3.586255e-01	1.755059e-01	6.789320e-02	1.745691e-01	2.637858e-01	2.065978e-01	1.435730e-01	1.446579e-01	1.644083e-01	1.930820e-01	
2.808800e-01	2.579297e-01	3.176403e-01	1.705697e-01	3.006737e-01	2.460985e-01	3.157544e-01	3.564980e-01	2.752315e-01	3.773586e-01	3.859381e-01	2.738894e-01	2.899966e-01	2.318071e-01	2.908523e-01	2.851969e-01	2.128614e-01	2.853743e-01	3.645738e-01	2.732085e-01	3.117003e-01	3.241789e-01	2.223531e-01	2.986044e-01	2.798779e-01	3.094987e-01	2.008913e-01	1.897094e-01	2.506338e-01	3.180715e-01	2.949554e-01	2.778792e-01	2.363979e-01	2.566024e-01	2.775193e-01	3.123936e-01	3.132890e-01	1.929476e-01	2.876619e-01	3.366605e-01	2.703411e-01	3.506116e-01	3.017018e-01	3.061328e-01	2.617886e-01	2.758691e-01	3.332092e-01	2.734196e-01	3.306450e-01	3.008701e-01	3.689886e-01	2.929585e-01	3.654784e-01	2.997578e-01	2.854216e-01	3.026182e-01	2.961928e-01	3.519181e-01	2.804246e-01	2.375149e-01	2.703897e-01	2.639175e-01	3.250571e-01	2.931335e-01	2.964147e-01	2.761047e-01	2.801255e-01	3.031358e-01	3.279876e-01	2.599296e-01	3.005102e-01	3.255126e-01	3.046003e-01	2.528230e-01	3.730620e-01	3.090449e-01	2.139507e-01	3.001328e-01	2.923203e-01	1.926245e-01	2.756618e-01	4.192005e-01	3.420399e-01	3.409173e-01	2.922961e-01	2.920897e-01	2.860386e-01	2.982925e-01	1.822541e-01	2.836573e-01	3.381502e-01	2.981836e-01	2.664331e-01	2.692118e-01	2.834084e-01	2.752960e-01	2.713144e-01	3.183552e-01	3.090363e-01	3.175485e-01	1.579744e-01	1.843825e-01	2.625992e-01	3.519667e-01	3.024069e-01	3.037327e-01	2.562445e-01	2.618033e-01	3.047116e-01	3.207367e-01	2.841268e-01	2.445595e-01	2.427828e-01	2.458237e-01	2.879824e-01	2.446234e-01	3.028098e-01	3.153687e-01	3.231532e-01	2.801484e-01	3.248891e-01	3.464070e-01	2.444014e-02	1.055917e-01	3.207385e-01	2.744966e-01	1.239988e-01	5.071549e-02	1.340403e-01	1.990370e-01	1.562500e-01	1.021465e-01	1.080306e-01	1.061412e-01	1.260189e-01	
6.286454e-01	4.599665e-01	7.211188e-01	3.485713e-01	7.529078e-01	6.830356e-01	7.571260e-01	9.637944e-01	4.759205e-01	3.859381e-01	1.208958e+00	5.024197e-01	5.646774e-01	4.506090e-01	6.779523e-01	5.275446e-01	4.293829e-01	5.219642e-01	9.490000e-01	5.712896e-01	5.943810e-01	8.613399e-01	4.604790e-01	6.682530e-01	4.988275e-01	7.258913e-01	4.291597e-01	3.643082e-01	5.081290e-01	6.320448e-01	6.233002e-01	5.536907e-01	4.790960e-01	4.757072e-01	5.787523e-01	7.990233e-01	8.465907e-01	3.602117e-01	6.079286e-01	8.003118e-01	5.533298e-01	8.499572e-01	7.887124e-01	6.689362e-01	5.282276e-01	6.341308e-01	7.682820e-01	6.478894e-01	6.135301e-01	5.734529e-01	8.561645e-01	6.973569e-01	9.447186e-01	5.949219e-01	5.327267e-01	6.108305e-01	5.563994e-01	9.618309e-01	5.426009e-01	4.804577e-01	4.972633e-01	6.815421e-01	5.422727e-01	5.636017e-01	4.824279e-01	5.158072e-01	6.137095e-01	6.495792e-01	8.796006e-01	5.035798e-01	5.794990e-01	7.083581e-01	8.105399e-01	5.680639e-01	9.416117e-01	5.077400e-01	4.035790e-01	5.245866e-01	5.395110e-01	3.821356e-01	5.087076e-01	1.147771e+00	9.608043e-01	6.610112e-01	6.663846e-01	5.331540e-01	5.313750e-01	5.436490e-01	3.608665e-01	6.929875e-01	8.252793e-01	7.095482e-01	5.116147e-01	6.195601e-01	5.177804e-01	6.801917e-01	5.160430e-01	7.679784e-01	7.622631e-01	6.167325e-01	3.031220e-01	3.844664e-01	4.930064e-01	8.708217e-01	6.903567e-01	5.631189e-01	4.321277e-01	4.593838e-01	6.490807e-01	6.062433e-01	6.843213e-01	5.264056e-01	6.769680e-01	5.009977e-01	7.092385e-01	4.567075e-01	5.552957e-01	5.885651e-01	6.130721e-01	5.288951e-01	6.226979e-01	9.590907e-01	6.092296e-02	1.982385e-01	8.045731e-01	7.257999e-01	2.363070e-01	1.425482e-01	2.626268e-01	4.911199e-01	2.973007e-01	2.044489e-01	2.006853e-01	2.033002e-01	2.688148e-01	
3.612861e-01	3.033808e-01	3.815802e-01	2.427876e-01	4.366499e-01	3.482622e-01	4.824845e-01	4.625780e-01	4.150546e-01	2.738894e-01	5.024197e-01	6.283108e-01	4.279779e-01	4.162460e-01	4.140502e-01	4.007498e-01	2.533642e-01	4.777183e-01	4.770202e-01	3.839674e-01	5.180247e-01	4.245273e-01	2.682794e-01	4.383478e-01	3.771616e-01	4.636342e-01	2.523728e-01	2.296026e-01	4.308955e-01	4.817271e-01	4.023097e-01	4.137250e-01	2.785720e-01	3.939786e-01	4.209850e-01	4.367926e-01	3.981133e-01	2.394679e-01	4.183949e-01	4.487596e-01	4.066827e-01	4.802341e-01	4.355848e-01	4.904314e-01	4.303483e-01	4.385330e-01	5.212261e-01	4.155705e-01	5.131675e-01	4.635552e-01	4.891608e-01	3.857348e-01	4.681090e-01	4.568337e-01	4.589285e-01	4.936962e-01	4.508289e-01	4.559799e-01	3.675704e-01	3.943699e-01	3.658257e-01	3.652345e-01	5.196308e-01	4.812117e-01	4.464768e-01	4.684007e-01	4.195458e-01	4.443903e-01	4.235065e-01	4.399739e-01	4.876578e-01	4.215169e-01	4.149742e-01	3.226952e-01	5.180544e-01	5.023984e-01	2.591926e-01	4.980531e-01	4.785262e-01	2.238321e-01	4.338087e-01	5.565891e-01	4.676536e-01	5.183392e-01	4.355786e-01	4.597353e-01	4.355887e-01	3.827243e-01	2.065985e-01	3.920075e-01	4.870786e-01	4.376980e-01	3.586205e-01	3.588030e-01	4.797693e-01	4.158193e-01	4.652842e-01	3.916774e-01	4.337804e-01	4.202903e-01	2.164556e-01	2.959995e-01	4.674282e-01	4.717090e-01	4.076948e-01	4.327208e-01	3.866834e-01	4.135919e-01	4.371970e-01	4.868916e-01	4.059509e-01	3.904111e-01	3.580136e-01	3.246553e-01	4.157578e-01	3.807142e-01	4.708086e-01	4.730898e-01	4.694925e-01	3.890808e-01	5.165991e-01	4.339828e-01	7.651813e-02	1.660580e-01	4.707894e-01	4.024766e-01	1.909174e-01	8.851895e-02	1.905998e-01	2.934267e-01	2.062059e-01	1.694289e-01	1.725812e-01	1.670305e-01	2.141982e-01	
3.981575e-01	3.296366e-01	4.395745e-01	2.517922e-01	4.457847e-01	3.679845e-01	4.816067e-01	5.189318e-01	4.069715e-01	2.899966e-01	5.646774e-01	4.279779e-01	6.150519e-01	3.759403e-01	4.446072e-01	3.942737e-01	2.845080e-01	4.409429e-01	5.281650e-01	3.908391e-01	4.963330e-01	4.781293e-01	2.938723e-01	4.683363e-01	3.971689e-01	4.851936e-01	2.576078e-01	2.276925e-01	4.087180e-01	4.993679e-01	4.221457e-01	3.906274e-01	3.018488e-01	4.047328e-01	4.342831e-01	4.811576e-01	4.528869e-01	2.605463e-01	4.338936e-01	4.940904e-01	4.120866e-01	5.253359e-01	4.671296e-01	4.763398e-01	4.261889e-01	4.266148e-01	5.017247e-01	4.027964e-01	4.926285e-01	4.694590e-01	5.347676e-01	4.251868e-01	5.343786e-01	4.455134e-01	4.476245e-01	4.836497e-01	4.554457e-01	5.341553e-01	4.061208e-01	3.764019e-01	3.701472e-01	3.963042e-01	4.954328e-01	4.752711e-01	4.366248e-01	4.303807e-01	4.342002e-01	4.629959e-01	4.808915e-01	4.009305e-01	4.669207e-01	4.752396e-01	4.809286e-01	3.536748e-01	5.617037e-01	4.732050e-01	2.524366e-01	4.698716e-01	4.630819e-01	2.297776e-01	4.218450e-01	6.079028e-01	5.166315e-01	5.079866e-01	4.227880e-01	4.533277e-01	4.307557e-01	4.008699e-01	2.165693e-01	4.180458e-01	4.987133e-01	4.278911e-01	3.456534e-01	3.867007e-01	4.471280e-01	4.083955e-01	4.273738e-01	4.631413e-01	4.651172e-01	4.368223e-01	2.294589e-01	2.985852e-01	4.464348e-01	5.228988e-01	4.437044e-01	4.515263e-01	3.636944e-01	3.959920e-01	4.518818e-01	4.750267e-01	4.111379e-01	3.820904e-01	3.596790e-01	3.235039e-01	4.564234e-01	3.728935e-01	4.713153e-01	4.558539e-01	4.704591e-01	4.019258e-01	4.836228e-01	5.098579e-01	5.124918e-02	1.622761e-01	4.709267e-01	4.095353e-01	1.892928e-01	8.016694e-02	1.894085e-01	2.973534e-01	2.159873e-01	1.598783e-01	1.735489e-01	1.630452e-01	2.110252e-01	
3.001081e-01	2.587532e-01	3.349143e-01	2.175373e-01	4.059527e-01	3.256236e-01	4.502120e-01	4.238712e-01	3.646531e-01	2.318071e-01	4.506090e-01	4.162460e-01	3.759403e-01	5.534577e-01	3.660532e-01	3.475404e-01	2.100615e-01	4.419804e-01	4.277906e-01	3.275990e-01	4.781716e-01	3.789219e-01	2.210199e-01	3.915064e-01	3.316648e-01	4.180288e-01	2.137384e-01	1.963251e-01	3.889548e-01	4.408320e-01	3.557251e-01	3.659349e-01	2.295081e-01	3.379011e-01	3.828295e-01	3.872614e-01	3.778837e-01	1.990138e-01	3.736946e-01	3.958645e-01	3.572811e-01	4.383106e-01	4.048668e-01	4.538009e-01	3.978040e-01	4.123392e-01	4.808852e-01	3.773776e-01	4.290645e-01	4.093231e-01	4.404529e-01	3.271139e-01	4.266988e-01	4.117044e-01	4.187456e-01	4.245879e-01	4.155507e-01	4.074331e-01	3.213223e-01	3.503760e-01	3.229935e-01	3.310979e-01	4.574286e-01	4.577183e-01	3.845689e-01	4.347181e-01	3.646107e-01	3.856597e-01	3.832981e-01	3.948088e-01	4.243169e-01	3.720493e-01	3.813594e-01	2.919863e-01	4.596245e-01	4.563823e-01	2.011378e-01	4.813520e-01	4.400938e-01	1.926612e-01	3.771670e-01	5.036033e-01	4.249352e-01	4.653916e-01	4.059095e-01	4.105032e-01	3.948637e-01	3.070721e-01	1.737934e-01	3.681943e-01	4.544504e-01	3.938950e-01	3.131346e-01	3.113010e-01	4.319603e-01	3.839081e-01	4.259981e-01	3.585909e-01	3.974127e-01	3.469708e-01	1.791592e-01	2.787386e-01	4.275006e-01	4.165599e-01	3.532253e-01	3.749456e-01	3.314357e-01	3.766689e-01	3.831595e-01	4.103651e-01	3.675132e-01	3.680895e-01	3.171820e-01	2.759087e-01	3.748151e-01	3.335058e-01	4.117635e-01	4.220093e-01	4.133540e-01	3.375989e-01	4.513138e-01	3.831989e-01	7.393936e-02	1.341119e-01	4.298542e-01	3.820507e-01	1.646531e-01	7.750495e-02	1.576203e-01	2.369047e-01	1.882431e-01	1.547854e-01	1.508699e-01	1.585739e-01	1.913706e-01	
4.373536e-01	3.511077e-01	5.199200e-01	2.681318e-01	5.129349e-01	4.781125e-01	5.369684e-01	6.287486e-01	4.032161e-01	2.908523e-01	6.779523e-01	4.140502e-01	4.446072e-01	3.660532e-01	6.845344e-01	3.982324e-01	2.992707e-01	4.069015e-01	6.341727e-01	4.411111e-01	4.765580e-01	5.731163e-01	3.071330e-01	5.182393e-01	4.062949e-01	5.512634e-01	2.886927e-01	2.487309e-01	4.023451e-01	4.991084e-01	4.775439e-01	4.245164e-01	3.380098e-01	3.971410e-01	4.509887e-01	5.733970e-01	5.542288e-01	2.744308e-01	4.588420e-01	5.763642e-01	4.517362e-01	6.172531e-01	5.571367e-01	5.036266e-01	4.334011e-01	4.737072e-01	5.682927e-01	4.447697e-01	5.000794e-01	4.678295e-01	6.349631e-01	5.059820e-01	6.362953e-01	4.514233e-01	4.327896e-01	4.886692e-01	4.671732e-01	6.291605e-01	4.262438e-01	3.807948e-01	3.859926e-01	4.930361e-01	4.719586e-01	4.589373e-01	4.292892e-01	4.249248e-01	4.693821e-01	5.010605e-01	5.812216e-01	4.089577e-01	4.624256e-01	5.316835e-01	5.741260e-01	4.170468e-01	6.704750e-01	4.482139e-01	2.630342e-01	4.496930e-01	4.538024e-01	2.627431e-01	4.309933e-01	7.529925e-01	6.424003e-01	5.250429e-01	4.735462e-01	4.487188e-01	4.306428e-01	4.070937e-01	2.362223e-01	4.977316e-01	5.850630e-01	4.948011e-01	3.631698e-01	4.559439e-01	4.344661e-01	4.797630e-01	4.201384e-01	5.405222e-01	5.616900e-01	4.591366e-01	2.134942e-01	2.937866e-01	4.035006e-01	6.234958e-01	5.142400e-01	4.415332e-01	3.458942e-01	3.810876e-01	4.923282e-01	4.777470e-01	4.804179e-01	3.975701e-01	4.466480e-01	3.610174e-01	5.263165e-01	3.741950e-01	4.660723e-01	4.558492e-01	4.957392e-01	4.183774e-01	5.004561e-01	6.124682e-01	4.854305e-02	1.575243e-01	5.725510e-01	4.970001e-01	1.851038e-01	9.628385e-02	1.968062e-01	3.587436e-01	2.203490e-01	1.631174e-01	1.753066e-01	1.725010e-01	2.171102e-01	
4.044223e-01	3.772780e-01	4.405966e-01	2.654611e-01	4.292606e-01	3.442822e-01	4.447573e-01	5.111896e-01	3.839122e-01	2.851969e-01	5.275446e-01	4.007498e-01	3.942737e-01	3.475404e-01	3.982324e-01	6.248787e-01	3.157379e-01	4.143144e-01	4.921759e-01	4.050405e-01	4.448587e-01	4.779569e-01	3.308276e-01	4.197794e-01	4.118731e-01	4.528898e-01	3.075673e-01	2.898203e-01	3.566662e-01	4.542378e-01	4.156221e-01	4.459142e-01	3.457393e-01	3.853030e-01	3.846730e-01	4.485055e-01	4.362451e-01	2.965019e-01	4.185756e-01	4.583899e-01	4.124310e-01	4.718235e-01	4.102080e-01	4.313490e-01	3.640088e-01	3.967833e-01	4.635584e-01	3.817859e-01	4.768385e-01	4.420407e-01	4.952827e-01	4.055390e-01	4.986768e-01	4.465269e-01	4.071258e-01	4.265561e-01	4.221305e-01	4.884946e-01	4.185848e-01	3.322377e-01	4.010061e-01	3.594823e-01	4.681124e-01	4.172689e-01	4.462956e-01	3.832745e-01	4.192214e-01	4.315652e-01	4.757669e-01	3.710988e-01	4.522220e-01	4.486445e-01	4.272774e-01	3.415250e-01	5.247866e-01	4.396963e-01	3.180075e-01	4.264297e-01	4.147430e-01	3.059864e-01	4.016607e-01	6.015200e-01	4.931276e-01	4.841384e-01	4.007607e-01	4.256577e-01	4.087125e-01	4.567389e-01	2.556042e-01	3.957778e-01	4.951742e-01	4.144553e-01	3.974611e-01	3.634765e-01	3.997607e-01	3.924361e-01	3.729198e-01	4.280510e-01	4.281858e-01	4.898125e-01	2.128750e-01	2.654808e-01	4.045441e-01	4.972736e-01	4.239581e-01	4.424221e-01	3.687058e-01	3.554082e-01	4.105772e-01	4.370589e-01	4.080154e-01	3.373760e-01	3.492263e-01	3.872939e-01	4.373589e-01	3.538408e-01	4.609465e-01	4.543998e-01	4.848874e-01	4.413591e-01	4.703999e-01	4.793005e-01	2.075790e-02	1.516278e-01	4.496197e-01	3.932067e-01	2.015453e-01	7.953318e-02	1.942910e-01	3.022073e-01	2.454823e-01	1.517143e-01	1.639643e-01	1.752457e-01	2.070338e-01	
3.316993e-01	2.974800e-01	3.510121e-01	1.861372e-01	3.267178e-01	2.530301e-01	3.412658e-01	4.275915e-01	2.673555e-01	2.128614e-01	4.293829e-01	2.533642e-01	2.845080e-01	2.100615e-01	2.992707e-01	3.157379e-01	4.627776e-01	2.721442e-01	3.873106e-01	3.029749e-01	2.663327e-01	3.844725e-01	2.734895e-01	3.069921e-01	2.911370e-01	3.266439e-01	2.515606e-01	2.452736e-01	2.259031e-01	3.108346e-01	3.076705e-01	3.132590e-01	2.813526e-01	2.679663e-01	2.877853e-01	3.493475e-01	3.456134e-01	2.600168e-01	3.182209e-01	3.546132e-01	2.888649e-01	3.702147e-01	3.173912e-01	2.901626e-01	2.290659e-01	2.719026e-01	3.192744e-01	2.866658e-01	3.220144e-01	3.135386e-01	3.772941e-01	3.277696e-01	4.090918e-01	3.143720e-01	2.687541e-01	2.966396e-01	2.819542e-01	4.092898e-01	3.272797e-01	2.306580e-01	3.001709e-01	2.909180e-01	3.095691e-01	2.770844e-01	2.990171e-01	2.582369e-01	2.872250e-01	2.989802e-01	3.763358e-01	2.347350e-01	3.104754e-01	3.276117e-01	3.301152e-01	2.684445e-01	4.089474e-01	2.913354e-01	2.614122e-01	2.709548e-01	2.773236e-01	2.611502e-01	2.779702e-01	4.999910e-01	4.004783e-01	3.233718e-01	2.833267e-01	2.838990e-01	2.897723e-01	3.388611e-01	2.281728e-01	3.119783e-01	3.703387e-01	3.072710e-01	2.856582e-01	2.911560e-01	2.612603e-01	3.087657e-01	2.497865e-01	3.455388e-01	3.268755e-01	3.538735e-01	1.736859e-01	1.708238e-01	2.510949e-01	3.793257e-01	3.171337e-01	3.156608e-01	2.480207e-01	2.375501e-01	3.124069e-01	3.130883e-01	2.945086e-01	2.329248e-01	2.545047e-01	2.972852e-01	3.270158e-01	2.369735e-01	3.314449e-01	3.114748e-01	3.363233e-01	3.007437e-01	3.224600e-01	4.175119e-01	-3.179799e-03	9.880106e-02	3.332510e-01	2.884955e-01	1.211858e-01	3.657867e-02	1.374580e-01	2.192246e-01	1.651804e-01	1.139441e-01	1.226824e-01	1.111270e-01	1.336178e-01	
3.568425e-01	3.214976e-01	4.029304e-01	2.517497e-01	4.682479e-01	3.663045e-01	5.179269e-01	4.678057e-01	4.568320e-01	2.853743e-01	5.219642e-01	4.777183e-01	4.409429e-01	4.419804e-01	4.069015e-01	4.143144e-01	2.721442e-01	7.021987e-01	4.661121e-01	3.730809e-01	5.556484e-01	4.262948e-01	2.660919e-01	4.436398e-01	4.129533e-01	4.623384e-01	2.590704e-01	2.373773e-01	4.601668e-01	5.112387e-01	4.339613e-01	4.203121e-01	2.802380e-01	4.251642e-01	4.646224e-01	4.278844e-01	4.050297e-01	2.514581e-01	4.524855e-01	4.477299e-01	4.120778e-01	4.799291e-01	4.373714e-01	5.244336e-01	4.676180e-01	4.689454e-01	5.429713e-01	4.398895e-01	5.400618e-01	4.902073e-01	5.082411e-01	3.856041e-01	4.663869e-01	5.124221e-01	4.924375e-01	5.226760e-01	4.796102e-01	4.529130e-01	3.923473e-01	4.311117e-01	3.962327e-01	3.576127e-01	5.584857e-01	5.303910e-01	4.737096e-01	5.184556e-01	4.337702e-01	4.493231e-01	4.278585e-01	4.609005e-01	4.985766e-01	4.278472e-01	4.105411e-01	3.392357e-01	5.185691e-01	5.480677e-01	2.470827e-01	5.582451e-01	5.069043e-01	2.284979e-01	4.535137e-01	5.335320e-01	4.609725e-01	5.524422e-01	4.626600e-01	5.003745e-01	4.568415e-01	4.039191e-01	2.066518e-01	4.156678e-01	5.199923e-01	4.429524e-01	3.682686e-01	3.619964e-01	5.092302e-01	4.305110e-01	4.932937e-01	3.903569e-01	4.394741e-01	4.242951e-01	2.185174e-01	3.297341e-01	5.097500e-01	4.775098e-01	4.073178e-01	4.673160e-01	4.159620e-01	4.507934e-01	4.561918e-01	5.057136e-01	4.255771e-01	4.198695e-01	3.549495e-01	3.334291e-01	4.185410e-01	4.110168e-01	4.941569e-01	4.898676e-01	5.066299e-01	4.234389e-01	5.547859e-01	4.349933e-01	6.875780e-02	1.575218e-01	4.810309e-01	4.270817e-01	1.756021e-01	7.343945e-02	1.662674e-01	2.622345e-01	2.075428e-01	1.403816e-01	1.693353e-01	1.542961e-01	2.114389e-01	
5.987402e-01	4.550956e-01	6.669734e-01	3.369166e-01	7.103348e-01	6.208813e-01	6.952301e-01	8.955024e-01	4.366125e-01	3.645738e-01	9.490000e-01	4.770202e-01	5.281650e-01	4.277906e-01	6.341727e-01	4.921759e-01	3.873106e-01	4.661121e-01	1.092070e+00	5.440264e-01	5.567020e-01	7.923463e-01	4.440304e-01	6.266984e-01	4.916719e-01	6.807465e-01	4.142064e-01	3.528370e-01	4.595569e-01	5.862682e-01	5.881742e-01	5.156058e-01	4.434908e-01	4.534175e-01	5.403864e-01	7.470603e-01	7.966057e-01	3.446763e-01	5.613364e-01	7.444906e-01	5.173705e-01	7.979541e-01	7.442690e-01	6.195126e-01	4.985479e-01	5.805282e-01	7.131080e-01	6.108852e-01	5.631251e-01	5.430308e-01	7.921239e-01	6.648415e-01	8.984077e-01	5.283370e-01	4.964148e-01	5.644105e-01	5.271483e-01	8.944562e-01	5.194986e-01	4.262878e-01	4.871339e-01	6.480903e-01	5.047282e-01	5.064362e-01	4.623033e-01	4.589174e-01	5.705340e-01	6.033424e-01	8.124328e-01	4.720439e-01	5.395716e-01	6.427145e-01	7.650080e-01	5.533761e-01	8.745726e-01	4.701445e-01	3.871256e-01	4.785697e-01	5.287523e-01	3.691523e-01	4.861966e-01	1.068968e+00	9.002615e-01	6.096285e-01	6.248482e-01	4.873555e-01	5.008451e-01	4.986932e-01	3.417167e-01	6.542143e-01	7.554054e-01	6.708041e-01	4.779708e-01	5.916386e-01	4.790344e-01	6.443072e-01	4.791894e-01	7.138884e-01	7.260957e-01	5.842168e-01	2.868774e-01	3.392508e-01	4.771388e-01	7.897854e-01	6.576630e-01	5.184601e-01	3.930633e-01	4.190345e-01	6.010378e-01	5.613794e-01	6.390425e-01	4.821689e-01	6.421887e-01	4.752792e-01	6.659877e-01	4.181123e-01	5.230404e-01	5.453917e-01	5.718021e-01	4.908929e-01	5.670410e-01	8.886417e-01	7.455482e-02	2.048778e-01	7.353328e-01	6.652218e-01	2.582975e-01	1.533015e-01	2.628673e-01	4.702059e-01	2.955322e-01	2.236943e-01	2.115604e-01	2.088228e-01	2.723871e-01	
4.127644e-01	3.459702e-01	4.746852e-01	2.472928e-01	4.306671e-01	3.704845e-01	4.532041e-01	5.415165e-01	3.641704e-01	2.732085e-01	5.712896e-01	3.839674e-01	3.908391e-01	3.275990e-01	4.411111e-01	4.050405e-01	3.029749e-01	3.730809e-01	5.440264e-01	5.944623e-01	4.279150e-01	4.958691e-01	3.132294e-01	4.502534e-01	3.756505e-01	4.827754e-01	2.860329e-01	2.498535e-01	3.483738e-01	4.453682e-01	4.340163e-01	4.061168e-01	3.266677e-01	3.729911e-01	3.981061e-01	4.995367e-01	4.730277e-01	2.766875e-01	4.220278e-01	5.089292e-01	4.130924e-01	5.350169e-01	4.614330e-01	4.223424e-01	3.739822e-01	4.023319e-01	4.694582e-01	3.955866e-01	4.727278e-01	4.500282e-01	5.543070e-01	4.583975e-01	5.504216e-01	4.076319e-01	3.888862e-01	4.212622e-01	4.144404e-01	5.481795e-01	4.167497e-01	3.283444e-01	3.668533e-01	4.251764e-01	4.431002e-01	4.207115e-01	4.149735e-01	3.844976e-01	4.364004e-01	4.568926e-01	4.952872e-01	3.649052e-01	4.344221e-01	4.776021e-01	4.917495e-01	3.604473e-01	5.779027e-01	4.013865e-01	2.836665e-01	3.988240e-01	3.957142e-01	2.537373e-01	3.957369e-01	6.469817e-01	5.531869e-01	4.739740e-01	4.076654e-01	4.168415e-01	3.937147e-01	4.114467e-01	2.420114e-01	4.104495e-01	4.972941e-01	4.361748e-01	3.588291e-01	3.978377e-01	3.825381e-01	4.040091e-01	3.618020e-01	4.725514e-01	4.804426e-01	4.572481e-01	2.161211e-01	2.581635e-01	3.676257e-01	5.510369e-01	4.771229e-01	4.308157e-01	3.495561e-01	3.287562e-01	4.428161e-01	4.432029e-01	4.083408e-01	3.377898e-01	3.686686e-01	3.610163e-01	4.811110e-01	3.547316e-01	4.397817e-01	4.232411e-01	4.580160e-01	4.000043e-01	4.608984e-01	5.244227e-01	4.867976e-02	1.641441e-01	5.004695e-01	4.047157e-01	2.043882e-01	7.384921e-02	1.907794e-01	3.281953e-01	2.413945e-01	1.661155e-01	1.664078e-01	1.728511e-01	2.089481e-01	
3.973992e-01	3.562030e-01	4.502558e-01	2.914412e-01	5.092292e-01	4.150195e-01	5.716075e-01	5.539483e-01	4.921687e-01	3.117003e-01	5.943810e-01	5.180247e-01	4.963330e-01	4.781716e-01	4.765580e-01	4.448587e-01	2.663327e-01	5.556484e-01	5.567020e-01	4.279150e-01	8.169178e-01	5.053180e-01	2.942176e-01	5.057924e-01	4.359427e-01	5.266294e-01	2.887453e-01	2.482823e-01	5.223888e-01	5.635900e-01	4.642467e-01	4.615491e-01	3.089337e-01	4.390288e-01	5.024130e-01	5.115114e-01	4.959637e-01	2.685134e-01	4.873146e-01	5.126793e-01	4.502992e-01	5.512622e-01	5.160326e-01	5.707706e-01	5.103800e-01	4.981475e-01	6.067987e-01	4.725355e-01	5.738124e-01	5.330419e-01	5.737304e-01	4.321265e-01	5.585334e-01	5.543697e-01	5.529472e-01	5.765443e-01	5.173002e-01	5.443160e-01	4.329613e-01	4.772721e-01	4.240255e-01	4.120269e-01	6.106060e-01	5.856258e-01	4.958303e-01	5.543762e-01	4.834905e-01	5.220152e-01	4.953378e-01	5.008462e-01	5.476669e-01	4.875943e-01	4.948684e-01	3.918433e-01	5.949005e-01	5.689195e-01	2.587148e-01	6.049710e-01	5.511441e-01	2.411767e-01	4.883586e-01	6.225036e-01	5.497415e-01	6.205694e-01	5.258774e-01	5.455678e-01	4.895897e-01	4.308176e-01	2.364686e-01	4.684689e-01	5.926308e-01	5.070320e-01	3.972837e-01	3.986312e-01	5.510595e-01	4.800240e-01	5.582584e-01	4.709988e-01	5.092499e-01	4.798466e-01	2.460534e-01	3.579010e-01	5.307718e-01	5.611887e-01	4.598560e-01	4.991681e-01	4.451990e-01	4.808529e-01	5.119089e-01	5.512487e-01	5.062420e-01	4.742736e-01	4.159328e-01	3.630248e-01	4.783236e-01	4.524286e-01	5.535643e-01	5.658401e-01	5.425964e-01	4.679760e-01	5.835647e-01	5.193965e-01	1.016577e-01	1.800660e-01	5.503347e-01	4.875330e-01	2.210890e-01	1.118890e-01	2.017061e-01	3.034048e-01	2.518299e-01	1.949401e-01	1.975910e-01	1.914555e-01	2.503942e-01	
5.542663e-01	4.143137e-01	6.025847e-01	3.130828e-01	6.437691e-01	5.528723e-01	6.298862e-01	8.221682e-01	4.022769e-01	3.241789e-01	8.613399e-01	4.245273e-01	4.781293e-01	3.789219e-01	5.731163e-01	4.779569e-01	3.844725e-01	4.262948e-01	7.923463e-01	4.958691e-01	5.053180e-01	9.049207e-01	4.124132e-01	5.672364e-01	4.435996e-01	6.009169e-01	3.825695e-01	3.325218e-01	4.284940e-01	5.354815e-01	5.235919e-01	4.980985e-01	4.236127e-01	3.984295e-01	4.757996e-01	6.752841e-01	7.250173e-01	3.346240e-01	5.190464e-01	6.347055e-01	4.676115e-01	6.944118e-01	6.521835e-01	5.626798e-01	4.299991e-01	5.282703e-01	6.501819e-01	5.476149e-01	5.239105e-01	4.770368e-01	7.038485e-01	5.887085e-01	8.023505e-01	5.150305e-01	4.558708e-01	5.109828e-01	4.804738e-01	7.893871e-01	4.763093e-01	3.966529e-01	4.499035e-01	5.628562e-01	4.768049e-01	4.673278e-01	4.247761e-01	4.217086e-01	5.248273e-01	5.502434e-01	7.346442e-01	4.279921e-01	4.909161e-01	5.890485e-01	6.687203e-01	4.773609e-01	7.816242e-01	4.310420e-01	3.749433e-01	4.485374e-01	4.660323e-01	3.459835e-01	4.450622e-01	9.619184e-01	8.015861e-01	5.532268e-01	5.683994e-01	4.472266e-01	4.445053e-01	4.720036e-01	3.082781e-01	5.939585e-01	7.102629e-01	5.920728e-01	4.366995e-01	5.205190e-01	4.320965e-01	5.848787e-01	4.297375e-01	6.368739e-01	6.422434e-01	5.526807e-01	2.661349e-01	3.230325e-01	4.284650e-01	7.077800e-01	5.869136e-01	4.671549e-01	3.607427e-01	3.958166e-01	5.316689e-01	5.214931e-01	6.024346e-01	4.480404e-01	5.741627e-01	4.462829e-01	5.914852e-01	3.908132e-01	4.961010e-01	5.080506e-01	5.384275e-01	4.647486e-01	5.272387e-01	7.994921e-01	5.617274e-02	1.844358e-01	6.635433e-01	6.103555e-01	2.271851e-01	1.077898e-01	2.479990e-01	4.189732e-01	2.758349e-01	2.010470e-01	1.970880e-01	1.961074e-01	2.458543e-01	
