6.273069e-01	3.858531e-01	5.464260e-01	2.220108e-01	3.877547e-01	4.197554e-01	4.104544e-01	5.916783e-01	3.643737e-01	3.115055e-01	6.784530e-01	3.857209e-01	4.225682e-01	2.873325e-01	4.417656e-01	3.271166e-01	4.039616e-01	3.557912e-01	5.877605e-01	4.001271e-01	4.234749e-01	5.235370e-01	3.589826e-01	3.959339e-01	4.146112e-01	4.239861e-01	3.241500e-01	3.128664e-01	3.364151e-01	4.196319e-01	3.997220e-01	3.344987e-01	3.322732e-01	3.742755e-01	3.228972e-01	5.421394e-01	5.469077e-01	3.626217e-01	3.725408e-01	5.293149e-01	3.929608e-01	5.007920e-01	4.909052e-01	4.464399e-01	3.225848e-01	3.939322e-01	4.304601e-01	4.059163e-01	4.177356e-01	4.108083e-01	5.284332e-01	4.870842e-01	6.553351e-01	3.867188e-01	3.713238e-01	4.023159e-01	3.651912e-01	5.260242e-01	4.502288e-01	3.434542e-01	4.664712e-01	4.877295e-01	3.770608e-01	3.386972e-01	3.532020e-01	3.053608e-01	3.941105e-01	4.258598e-01	5.692198e-01	4.108879e-01	3.928855e-01	4.678676e-01	4.586752e-01	3.921738e-01	5.212790e-01	3.764310e-01	3.118665e-01	3.371778e-01	3.015740e-01	3.460088e-01	3.419914e-01	6.434040e-01	5.746185e-01	4.357213e-01	4.433587e-01	3.713982e-01	3.485382e-01	4.105224e-01	3.250577e-01	4.323719e-01	4.543094e-01	4.292564e-01	4.344287e-01	4.193790e-01	3.288809e-01	3.860158e-01	4.125362e-01	5.095675e-01	4.014031e-01	4.472155e-01	2.430675e-01	2.409170e-01	3.709430e-01	4.535427e-01	4.248338e-01	4.051825e-01	3.336033e-01	2.947348e-01	4.200268e-01	4.400037e-01	4.158438e-01	3.166152e-01	3.724032e-01	3.838370e-01	4.665301e-01	3.347384e-01	4.314592e-01	3.604566e-01	4.446183e-01	4.550331e-01	3.746774e-01	5.519285e-01	4.815565e-02	1.252085e-01	4.105639e-01	4.823275e-01	1.649908e-01	5.298119e-02	1.874331e-01	3.128924e-01	2.832157e-01	1.790560e-01	2.043752e-01	1.690218e-01	1.795821e-01	
3.858531e-01	5.384802e-01	4.634393e-01	1.875050e-01	3.115695e-01	3.047932e-01	3.153585e-01	4.712828e-01	3.109943e-01	2.743623e-01	5.432097e-01	3.269388e-01	3.708899e-01	2.512793e-01	3.446590e-01	3.218911e-01	3.429824e-01	3.101554e-01	4.615454e-01	3.314993e-01	3.624672e-01	4.154036e-01	3.287596e-01	3.299292e-01	3.785677e-01	3.364105e-01	2.999149e-01	2.919849e-01	2.818712e-01	3.632717e-01	3.548186e-01	3.168909e-01	2.925880e-01	3.366540e-01	2.880479e-01	4.030657e-01	4.112449e-01	3.389081e-01	2.995418e-01	4.281600e-01	3.589619e-01	4.012272e-01	3.658243e-01	3.614120e-01	2.647693e-01	2.968515e-01	3.282211e-01	3.162442e-01	3.691102e-01	3.721284e-01	4.249987e-01	3.835792e-01	5.042213e-01	3.239724e-01	3.204798e-01	3.555482e-01	3.178228e-01	4.030059e-01	4.033455e-01	2.906669e-01	4.146169e-01	3.641969e-01	3.120124e-01	2.895004e-01	3.215603e-01	2.774421e-01	3.428739e-01	3.420393e-01	4.392719e-01	3.639548e-01	3.375282e-01	3.940261e-01	3.529614e-01	3.167094e-01	3.928659e-01	3.110432e-01	2.950465e-01	2.865534e-01	2.477322e-01	3.408420e-01	3.038551e-01	5.114790e-01	4.410059e-01	3.689762e-01	3.330865e-01	3.355547e-01	3.015355e-01	3.581207e-01	3.087149e-01	3.308759e-01	3.267259e-01	3.242082e-01	4.199818e-01	3.279335e-01	2.772461e-01	3.082952e-01	3.408663e-01	4.008343e-01	3.301674e-01	4.092968e-01	2.102686e-01	1.815298e-01	3.186004e-01	3.632172e-01	3.432433e-01	3.543152e-01	2.973167e-01	2.518523e-01	3.497356e-01	3.838409e-01	3.113880e-01	2.478979e-01	2.855100e-01	3.612437e-01	3.630584e-01	2.984270e-01	3.794399e-01	3.322937e-01	4.070573e-01	4.282196e-01	3.186774e-01	4.296973e-01	1.496914e-02	9.345378e-02	3.100167e-01	3.619788e-01	1.336980e-01	3.435163e-02	1.548345e-01	2.615090e-01	2.604834e-01	1.503786e-01	1.480279e-01	1.440337e-01	1.471046e-01	
5.464260e-01	4.634393e-01	9.185989e-01	2.562544e-01	5.059747e-01	5.692575e-01	5.514766e-01	7.755348e-01	5.027353e-01	4.104276e-01	9.067347e-01	5.369283e-01	6.034792e-01	4.347852e-01	5.942919e-01	4.758533e-01	4.721465e-01	5.118283e-01	7.838790e-01	5.301865e-01	5.994224e-01	6.762659e-01	4.641384e-01	5.394643e-01	5.515055e-01	5.758588e-01	3.847232e-01	3.766843e-01	4.799595e-01	5.869555e-01	5.651558e-01	4.794493e-01	4.030853e-01	5.179495e-01	4.835189e-01	7.235553e-01	7.213208e-01	4.290796e-01	4.995994e-01	7.258608e-01	5.562858e-01	6.984937e-01	6.737425e-01	6.239082e-01	4.849840e-01	5.365051e-01	5.959094e-01	5.585629e-01	5.714711e-01	5.952823e-01	7.320279e-01	6.638498e-01	8.548698e-01	5.493808e-01	5.236296e-01	6.212096e-01	5.068744e-01	6.898627e-01	5.776077e-01	4.764478e-01	6.055883e-01	6.612619e-01	5.058014e-01	4.980520e-01	5.016351e-01	4.592632e-01	5.581860e-01	6.114970e-01	7.464899e-01	5.690255e-01	5.463365e-01	6.367596e-01	6.302934e-01	5.091243e-01	6.880886e-01	5.255313e-01	3.749544e-01	4.962535e-01	4.438960e-01	4.172393e-01	4.662938e-01	8.715074e-01	7.590359e-01	6.130881e-01	6.045006e-01	5.102607e-01	4.626485e-01	5.327024e-01	3.558165e-01	5.720909e-01	6.114600e-01	5.870680e-01	5.913913e-01	5.804776e-01	4.816596e-01	5.148039e-01	5.775245e-01	6.715389e-01	5.479545e-01	5.793478e-01	3.047215e-01	3.320852e-01	5.622971e-01	6.008333e-01	5.797828e-01	5.397987e-01	4.692186e-01	4.116802e-01	5.656336e-01	6.117039e-01	5.448289e-01	4.497931e-01	4.970034e-01	4.831158e-01	6.221432e-01	4.851116e-01	5.866287e-01	4.860361e-01	5.977586e-01	6.112138e-01	5.167131e-01	7.430973e-01	4.359571e-02	1.413594e-01	5.725227e-01	6.471179e-01	1.892300e-01	4.735081e-02	2.332854e-01	4.033449e-01	3.416043e-01	2.044773e-01	2.139283e-01	2.068504e-01	2.010247e-01	
2.220108e-01	1.875050e-01	2.562544e-01	3.137048e-01	2.187387e-01	2.301097e-01	2.333441e-01	2.795644e-01	2.150958e-01	1.947642e-01	3.204469e-01	2.312916e-01	2.421773e-01	1.962330e-01	2.191423e-01	1.926330e-01	1.924082e-01	2.310318e-01	2.929257e-01	1.852018e-01	2.634847e-01	2.518737e-01	1.861738e-01	2.015347e-01	2.284578e-01	1.920103e-01	1.846987e-01	1.658277e-01	2.027371e-01	2.326629e-01	1.950204e-01	1.847236e-01	1.865794e-01	2.019234e-01	1.804028e-01	2.524433e-01	2.564928e-01	1.722346e-01	2.035655e-01	2.436808e-01	2.167009e-01	2.321268e-01	2.148235e-01	2.594717e-01	2.127577e-01	2.248615e-01	2.583121e-01	2.272726e-01	2.291408e-01	2.462736e-01	2.487261e-01	2.031417e-01	3.111147e-01	2.404479e-01	2.145189e-01	2.434725e-01	1.997865e-01	2.399087e-01	2.313476e-01	2.021690e-01	2.457835e-01	2.157315e-01	2.243542e-01	1.989578e-01	1.832747e-01	2.069224e-01	2.216171e-01	2.151880e-01	2.731640e-01	2.487840e-01	2.341477e-01	2.272672e-01	1.945290e-01	1.932854e-01	2.368074e-01	2.263771e-01	1.669505e-01	2.074313e-01	1.865634e-01	1.972290e-01	2.125380e-01	3.017662e-01	2.542789e-01	2.591204e-01	2.615723e-01	2.408370e-01	2.077263e-01	2.021498e-01	1.796837e-01	2.319625e-01	2.431939e-01	2.413823e-01	2.286026e-01	2.042007e-01	2.117331e-01	2.231561e-01	2.585764e-01	2.186962e-01	1.728595e-01	2.265088e-01	1.387378e-01	1.530618e-01	2.483933e-01	2.059645e-01	1.921310e-01	2.305136e-01	1.915285e-01	1.790178e-01	2.029769e-01	2.572789e-01	2.195273e-01	1.893651e-01	2.099507e-01	1.969828e-01	2.178324e-01	1.946702e-01	2.390453e-01	2.495065e-01	2.460696e-01	2.458581e-01	2.079623e-01	2.645069e-01	3.105492e-02	7.652294e-02	2.115224e-01	2.734960e-01	8.583286e-02	3.044861e-02	1.051684e-01	1.501357e-01	1.400421e-01	1.075823e-01	1.096435e-01	1.038117e-01	9.749181e-02	
3.877547e-01	3.115695e-01	5.059747e-01	2.187387e-01	6.121778e-01	4.865385e-01	4.704544e-01	5.744729e-01	3.552692e-01	3.145578e-01	6.677365e-01	3.982732e-01	4.270664e-01	3.385113e-01	4.172691e-01	3.055072e-01	3.287466e-01	3.920337e-01	6.046692e-01	3.573224e-01	4.481555e-01	5.156610e-01	2.969893e-01	3.820865e-01	3.884222e-01	3.946056e-01	3.026171e-01	2.781716e-01	3.754708e-01	4.171850e-01	3.862099e-01	3.292968e-01	2.704926e-01	3.691676e-01	3.426618e-01	5.438323e-01	5.452519e-01	3.037953e-01	3.825559e-01	4.849394e-01	3.722511e-01	4.739991e-01	4.874474e-01	4.882333e-01	3.950425e-01	4.399826e-01	5.128806e-01	4.558291e-01	4.000106e-01	4.235766e-01	5.075295e-01	4.508891e-01	6.504473e-01	4.414548e-01	3.799062e-01	4.390812e-01	3.224971e-01	5.061032e-01	3.896710e-01	3.673145e-01	4.391620e-01	4.898935e-01	3.803716e-01	3.402601e-01	3.307403e-01	3.617269e-01	3.838533e-01	4.055028e-01	5.584441e-01	4.366793e-01	3.937963e-01	4.280070e-01	4.656717e-01	3.774498e-01	5.121496e-01	4.115873e-01	2.688438e-01	3.829701e-01	3.374073e-01	3.144335e-01	3.562680e-01	6.306156e-01	5.706831e-01	4.524407e-01	5.065313e-01	3.678126e-01	3.428414e-01	3.397885e-01	2.783871e-01	4.862460e-01	5.147827e-01	5.189962e-01	4.023740e-01	4.087391e-01	3.701885e-01	4.589439e-01	4.702119e-01	4.547639e-01	3.556845e-01	4.119085e-01	2.316521e-01	2.444589e-01	4.305786e-01	3.951119e-01	4.083208e-01	3.708178e-01	3.335503e-01	3.134405e-01	3.690912e-01	4.570662e-01	4.962037e-01	3.674548e-01	4.297366e-01	3.487485e-01	4.193365e-01	3.480522e-01	4.170946e-01	3.889203e-01	4.331362e-01	4.111172e-01	3.776148e-01	5.587300e-01	7.680090e-02	1.308487e-01	4.417757e-01	5.494184e-01	1.591054e-01	9.024165e-02	1.769837e-01	2.662438e-01	2.349734e-01	1.805894e-01	1.849087e-01	1.653804e-01	1.676095e-01	
4.197554e-01	3.047932e-01	5.692575e-01	2.301097e-01	4.865385e-01	7.729374e-01	5.507532e-01	6.776170e-01	3.707828e-01	3.584347e-01	8.000934e-01	4.250221e-01	4.672605e-01	3.433190e-01	4.860496e-01	3.335060e-01	3.469907e-01	4.147367e-01	7.034937e-01	4.189170e-01	4.733518e-01	6.059074e-01	3.066648e-01	4.196902e-01	3.853694e-01	4.559321e-01	3.067264e-01	2.835490e-01	4.098445e-01	4.466184e-01	4.313637e-01	3.385206e-01	3.101547e-01	3.612326e-01	3.563935e-01	6.286839e-01	6.466312e-01	3.315718e-01	4.074123e-01	5.595641e-01	3.942729e-01	5.457494e-01	5.877307e-01	5.287559e-01	4.144786e-01	4.993577e-01	5.848117e-01	5.291349e-01	4.199691e-01	4.382082e-01	6.048089e-01	5.180415e-01	7.639760e-01	4.594141e-01	3.914907e-01	4.584875e-01	3.712940e-01	6.097123e-01	4.133544e-01	3.784242e-01	4.435670e-01	5.901035e-01	3.941926e-01	3.537899e-01	3.494706e-01	3.794968e-01	4.424077e-01	4.794318e-01	6.597939e-01	4.503579e-01	4.311102e-01	4.934537e-01	5.639028e-01	4.391798e-01	5.992191e-01	4.069671e-01	2.894052e-01	3.931533e-01	3.566690e-01	3.080789e-01	3.529967e-01	7.469831e-01	6.720167e-01	4.822010e-01	5.697388e-01	3.917209e-01	3.558750e-01	3.672094e-01	2.796416e-01	5.604310e-01	6.093104e-01	6.097254e-01	4.280462e-01	4.746583e-01	4.023826e-01	5.170714e-01	4.918895e-01	5.426996e-01	4.263871e-01	4.238354e-01	2.580238e-01	2.556628e-01	4.712232e-01	4.864946e-01	4.964068e-01	3.899410e-01	3.587364e-01	3.204950e-01	4.278953e-01	4.810223e-01	5.305499e-01	3.969668e-01	4.996629e-01	3.531661e-01	4.988656e-01	3.685269e-01	4.396179e-01	3.948220e-01	4.427424e-01	4.351648e-01	4.024789e-01	6.650074e-01	9.729101e-02	1.470886e-01	5.305336e-01	6.218554e-01	1.702274e-01	9.292644e-02	1.856372e-01	3.209858e-01	2.418286e-01	1.859877e-01	2.063217e-01	1.671575e-01	1.607713e-01	
4.104544e-01	3.153585e-01	5.514766e-01	2.333441e-01	4.704544e-01	5.507532e-01	7.310810e-01	6.388292e-01	3.870377e-01	3.621785e-01	7.529941e-01	4.490711e-01	4.610646e-01	3.708123e-01	4.554735e-01	3.529468e-01	3.652814e-01	4.420067e-01	6.667844e-01	4.150991e-01	5.027338e-01	5.722931e-01	3.332665e-01	4.104649e-01	4.166945e-01	4.549837e-01	3.188751e-01	2.914489e-01	4.215140e-01	4.639681e-01	4.281809e-01	3.731102e-01	3.113572e-01	3.985530e-01	3.670863e-01	6.029842e-01	6.103053e-01	3.324931e-01	4.089168e-01	5.611543e-01	4.102647e-01	5.624512e-01	5.469405e-01	5.557852e-01	4.220192e-01	5.000730e-01	5.802568e-01	5.187060e-01	4.419743e-01	4.742685e-01	5.893025e-01	5.080141e-01	7.126667e-01	4.706856e-01	4.043012e-01	4.761115e-01	3.955102e-01	5.597680e-01	4.404362e-01	4.028190e-01	4.969383e-01	5.656576e-01	4.174384e-01	3.738795e-01	3.690188e-01	4.042890e-01	4.343573e-01	4.607340e-01	6.313046e-01	4.683778e-01	4.479611e-01	4.805021e-01	5.310948e-01	4.282576e-01	5.664189e-01	4.285437e-01	2.976257e-01	4.121032e-01	3.642295e-01	3.296263e-01	3.732953e-01	7.100653e-01	6.369027e-01	5.073307e-01	5.844635e-01	3.936599e-01	3.839778e-01	3.769911e-01	3.065756e-01	5.357619e-01	5.859780e-01	5.872186e-01	4.332952e-01	4.522227e-01	4.154364e-01	5.180479e-01	5.099452e-01	5.221872e-01	4.166573e-01	4.537533e-01	2.677944e-01	2.566445e-01	4.859844e-01	4.616912e-01	4.607210e-01	4.100715e-01	3.796305e-01	3.322904e-01	4.260306e-01	5.107252e-01	5.372687e-01	4.026472e-01	4.801695e-01	3.769571e-01	4.705522e-01	3.962035e-01	4.571766e-01	4.311377e-01	4.518910e-01	4.253002e-01	4.213342e-01	6.260855e-01	6.178446e-02	1.216255e-01	4.953913e-01	6.168512e-01	1.568517e-01	9.872411e-02	1.775744e-01	3.140616e-01	2.512755e-01	1.970160e-01	1.934925e-01	1.639931e-01	1.624421e-01	
5.916783e-01	4.712828e-01	7.755348e-01	2.795644e-01	5.744729e-01	6.776170e-01	6.388292e-01	1.096608e+00	4.685151e-01	4.310244e-01	1.057154e+00	4.945690e-01	5.800911e-01	4.063281e-01	6.434859e-01	4.462187e-01	4.902586e-01	4.834888e-01	9.028946e-01	5.530432e-01	5.658606e-01	8.051879e-01	4.504704e-01	5.581415e-01	5.319737e-01	6.179806e-01	4.106451e-01	3.877285e-01	4.611945e-01	5.815878e-01	5.642469e-01	4.371227e-01	4.165242e-01	4.883640e-01	4.437724e-01	8.202478e-01	8.493583e-01	4.546238e-01	5.001424e-01	7.697202e-01	5.093430e-01	7.474320e-01	7.453904e-01	6.234346e-01	4.678973e-01	5.744414e-01	6.639417e-01	6.084291e-01	5.483360e-01	5.542062e-01	7.972814e-01	7.207782e-01	9.977034e-01	5.297223e-01	4.832512e-01	5.717492e-01	4.791505e-01	7.956078e-01	5.775989e-01	4.686315e-01	6.169033e-01	7.501332e-01	4.662689e-01	4.368039e-01	4.522250e-01	4.288259e-01	5.477718e-01	6.155500e-01	8.616586e-01	5.515050e-01	5.247594e-01	6.548990e-01	7.257953e-01	5.763779e-01	7.710239e-01	4.790184e-01	4.209802e-01	4.585442e-01	4.109004e-01	4.317263e-01	4.378645e-01	9.981606e-01	8.899747e-01	5.881432e-01	6.646548e-01	4.923248e-01	4.493453e-01	5.337035e-01	3.802634e-01	6.726887e-01	7.138399e-01	6.982034e-01	5.761922e-01	6.254647e-01	4.606906e-01	5.918408e-01	5.639948e-01	7.280964e-01	5.852078e-01	5.831755e-01	3.200588e-01	3.078418e-01	5.395917e-01	6.459456e-01	6.126200e-01	5.090260e-01	4.428694e-01	3.780425e-01	5.669758e-01	6.083734e-01	6.366235e-01	4.579686e-01	5.962369e-01	5.064820e-01	6.652664e-01	4.595807e-01	5.816958e-01	4.846933e-01	5.642345e-01	5.963277e-01	4.804562e-01	8.497565e-01	8.616353e-02	1.628996e-01	6.448486e-01	7.334886e-01	2.096531e-01	1.056035e-01	2.259481e-01	4.248208e-01	3.505289e-01	2.377149e-01	2.486933e-01	2.040675e-01	2.195541e-01	
3.643737e-01	3.109943e-01	5.027353e-01	2.150958e-01	3.552692e-01	3.707828e-01	3.870377e-01	4.685151e-01	6.219036e-01	3.289849e-01	5.671261e-01	4.725096e-01	4.624970e-01	4.147854e-01	4.014669e-01	3.660064e-01	3.099958e-01	4.590564e-01	4.913715e-01	3.576103e-01	5.298073e-01	4.168940e-01	2.906206e-01	4.325919e-01	4.089824e-01	4.038420e-01	2.476289e-01	2.290718e-01	4.237802e-01	4.893486e-01	3.999732e-01	3.727790e-01	2.668702e-01	4.284855e-01	4.258371e-01	4.656093e-01	4.262277e-01	2.594627e-01	4.153770e-01	4.790373e-01	4.575086e-01	4.813829e-01	4.363785e-01	5.146005e-01	4.253824e-01	4.038970e-01	4.342949e-01	3.822224e-01	4.568455e-01	5.184550e-01	4.886617e-01	4.127473e-01	5.059337e-01	4.703866e-01	4.403247e-01	5.220162e-01	4.373454e-01	4.326311e-01	4.318347e-01	4.039440e-01	4.478069e-01	4.172642e-01	4.546267e-01	4.330436e-01	4.327442e-01	3.998995e-01	4.234480e-01	4.594843e-01	4.629089e-01	4.642885e-01	4.672052e-01	4.424932e-01	4.062141e-01	3.425807e-01	4.517802e-01	4.445767e-01	2.308345e-01	4.459908e-01	3.824011e-01	2.403956e-01	4.137301e-01	5.482923e-01	4.535335e-01	5.227968e-01	4.618881e-01	4.349129e-01	4.065501e-01	3.710163e-01	2.144125e-01	3.895834e-01	4.057857e-01	4.082219e-01	4.154751e-01	3.788364e-01	4.370211e-01	3.941291e-01	4.968152e-01	4.040572e-01	3.704921e-01	4.295397e-01	2.595015e-01	3.034079e-01	4.847311e-01	3.954134e-01	3.879594e-01	4.280102e-01	4.073803e-01	3.575566e-01	4.221050e-01	5.263595e-01	3.637693e-01	3.710321e-01	3.211627e-01	3.143407e-01	4.010881e-01	4.238771e-01	4.802172e-01	4.250046e-01	4.789305e-01	4.542889e-01	4.585718e-01	4.655588e-01	-1.082409e-04	1.009146e-01	3.828897e-01	4.383998e-01	1.389004e-01	4.022903e-02	1.703404e-01	2.577328e-01	2.320894e-01	1.274941e-01	1.565121e-01	1.460910e-01	1.518238e-01	
3.115055e-01	2.743623e-01	4.104276e-01	1.947642e-01	3.145578e-01	3.584347e-01	3.621785e-01	4.310244e-01	3.289849e-01	4.687836e-01	4.965397e-01	3.602210e-01	3.712533e-01	2.881990e-01	3.163271e-01	3.079589e-01	2.949095e-01	3.549016e-01	4.423004e-01	3.093267e-01	4.088432e-01	3.859933e-01	2.699454e-01	3.200756e-01	3.613040e-01	3.108844e-01	2.625760e-01	2.367321e-01	3.136757e-01	3.624348e-01	3.271958e-01	3.067743e-01	2.550746e-01	3.113313e-01	3.067789e-01	4.047056e-01	3.914602e-01	2.641416e-01	3.259249e-01	3.767728e-01	3.335921e-01	3.769233e-01	3.546774e-01	4.091807e-01	3.299793e-01	3.307164e-01	3.794347e-01	3.428901e-01	3.504567e-01	3.966206e-01	3.894746e-01	3.337268e-01	4.721660e-01	3.696261e-01	3.342033e-01	3.875048e-01	3.268636e-01	3.774313e-01	3.698644e-01	3.177786e-01	3.639607e-01	3.415554e-01	3.389040e-01	3.076522e-01	3.262878e-01	3.231390e-01	3.413387e-01	3.395692e-01	4.220090e-01	3.597570e-01	3.606183e-01	3.563091e-01	3.354418e-01	3.212974e-01	3.799069e-01	3.520070e-01	2.454793e-01	3.333908e-01	2.909924e-01	2.762427e-01	3.185212e-01	4.836227e-01	4.063368e-01	3.848262e-01	3.763555e-01	3.367811e-01	3.096362e-01	3.075195e-01	2.395229e-01	3.488819e-01	3.675333e-01	3.582925e-01	3.643362e-01	3.109662e-01	3.187784e-01	3.408751e-01	3.940327e-01	3.417208e-01	2.993125e-01	3.617832e-01	1.954896e-01	2.099807e-01	3.802275e-01	3.155673e-01	3.246323e-01	3.421908e-01	3.019004e-01	2.633226e-01	3.255450e-01	3.970858e-01	3.307436e-01	3.037082e-01	3.085424e-01	3.053700e-01	3.297354e-01	3.218155e-01	3.793718e-01	3.446340e-01	3.799704e-01	3.869216e-01	3.446441e-01	4.038469e-01	2.332953e-02	7.640729e-02	3.345416e-01	3.895921e-01	1.221303e-01	3.635636e-02	1.403822e-01	2.279356e-01	1.979116e-01	1.469209e-01	1.427041e-01	1.261268e-01	1.246300e-01	
6.784530e-01	5.432097e-01	9.067347e-01	3.204469e-01	6.677365e-01	8.000934e-01	7.529941e-01	1.057154e+00	5.671261e-01	4.965397e-01	1.419202e+00	6.085427e-01	7.004314e-01	4.759787e-01	7.649569e-01	5.254759e-01	5.615836e-01	5.788501e-01	1.064956e+00	6.418465e-01	6.834736e-01	9.470093e-01	5.189749e-01	6.681032e-01	6.166038e-01	7.326146e-01	4.592625e-01	4.626682e-01	5.617094e-01	6.673672e-01	6.788712e-01	5.201492e-01	4.793499e-01	5.702779e-01	5.434944e-01	9.686979e-01	9.905045e-01	5.376336e-01	5.985248e-01	9.025766e-01	6.120060e-01	8.783648e-01	8.949850e-01	7.364271e-01	5.663545e-01	6.913516e-01	7.924649e-01	7.378644e-01	6.446942e-01	6.676399e-01	9.337323e-01	8.383283e-01	1.156353e+00	6.311534e-01	5.749197e-01	6.855978e-01	5.828501e-01	9.429088e-01	6.745384e-01	5.541106e-01	7.251072e-01	8.908540e-01	5.560481e-01	5.200880e-01	5.520584e-01	5.120075e-01	6.606857e-01	7.442315e-01	1.016827e+00	6.705386e-01	6.268844e-01	7.767346e-01	8.665113e-01	6.835198e-01	9.152803e-01	5.831645e-01	4.644046e-01	5.469069e-01	4.898460e-01	4.744542e-01	5.414172e-01	1.159071e+00	1.051165e+00	7.289678e-01	7.842806e-01	5.992884e-01	5.399127e-01	6.062658e-01	4.394078e-01	7.920742e-01	8.544565e-01	8.255379e-01	6.718144e-01	7.280243e-01	5.630810e-01	7.024841e-01	6.893299e-01	8.612248e-01	6.770381e-01	6.638121e-01	3.773014e-01	3.690567e-01	6.430583e-01	7.642881e-01	7.429386e-01	6.169284e-01	5.262535e-01	4.639515e-01	6.832954e-01	7.387017e-01	7.603569e-01	5.560812e-01	6.860944e-01	5.709315e-01	7.946746e-01	5.571204e-01	6.783130e-01	5.638658e-01	6.882206e-01	6.865402e-01	5.967323e-01	1.009846e+00	1.128328e-01	2.170797e-01	7.557202e-01	8.634732e-01	2.585971e-01	1.166048e-01	2.733675e-01	5.055360e-01	4.067563e-01	2.843861e-01	2.974733e-01	2.510930e-01	2.802080e-01	
3.857209e-01	3.269388e-01	5.369283e-01	2.312916e-01	3.982732e-01	4.250221e-01	4.490711e-01	4.945690e-01	4.725096e-01	3.602210e-01	6.085427e-01	6.907691e-01	5.204689e-01	4.518177e-01	4.324095e-01	4.164579e-01	3.402161e-01	5.108798e-01	5.356856e-01	4.005553e-01	5.918388e-01	4.510909e-01	3.283842e-01	4.443675e-01	4.512258e-01	4.322901e-01	2.780831e-01	2.561827e-01	4.632307e-01	5.289579e-01	4.178398e-01	4.206648e-01	3.024292e-01	4.492071e-01	4.508723e-01	5.122132e-01	4.780749e-01	2.963490e-01	4.433658e-01	4.999477e-01	4.803504e-01	5.171941e-01	4.779412e-01	5.771346e-01	4.907336e-01	4.515766e-01	5.157475e-01	4.474038e-01	4.763349e-01	5.599570e-01	5.246599e-01	4.386490e-01	5.543459e-01	5.287141e-01	4.822614e-01	5.638011e-01	4.356095e-01	4.639148e-01	4.580937e-01	4.506020e-01	4.819013e-01	4.592074e-01	4.996235e-01	4.730161e-01	4.498317e-01	4.611075e-01	4.656808e-01	4.722574e-01	5.115254e-01	5.133713e-01	5.160406e-01	4.680252e-01	4.245510e-01	3.810678e-01	4.968533e-01	5.112764e-01	2.656919e-01	4.876193e-01	4.371034e-01	2.962116e-01	4.254416e-01	5.717286e-01	4.859415e-01	5.623617e-01	5.213981e-01	4.559694e-01	4.269905e-01	3.916986e-01	2.519780e-01	4.413619e-01	4.576454e-01	4.772382e-01	4.594014e-01	4.083056e-01	4.840519e-01	4.440552e-01	5.492667e-01	4.248440e-01	3.780222e-01	4.672912e-01	2.563058e-01	3.142867e-01	5.430621e-01	4.184303e-01	4.220711e-01	4.563043e-01	4.389832e-01	4.008907e-01	4.430165e-01	5.548850e-01	4.180927e-01	4.106289e-01	3.608853e-01	3.484518e-01	4.287517e-01	4.635870e-01	5.039381e-01	4.702284e-01	5.066758e-01	4.882243e-01	5.015295e-01	5.016846e-01	2.250894e-02	1.163908e-01	4.061136e-01	5.108936e-01	1.558191e-01	3.646862e-02	1.965840e-01	2.789746e-01	2.474792e-01	1.604283e-01	1.619421e-01	1.699782e-01	1.803243e-01	
4.225682e-01	3.708899e-01	6.034792e-01	2.421773e-01	4.270664e-01	4.672605e-01	4.610646e-01	5.800911e-01	4.624970e-01	3.712533e-01	7.004314e-01	5.204689e-01	7.472456e-01	4.530025e-01	4.876376e-01	4.337927e-01	3.922564e-01	5.122996e-01	6.108717e-01	4.394079e-01	5.840184e-01	5.306491e-01	3.582232e-01	4.902383e-01	4.795486e-01	4.833624e-01	2.994890e-01	2.922031e-01	4.557275e-01	5.562155e-01	4.816006e-01	4.322006e-01	3.090412e-01	4.837212e-01	4.880476e-01	5.860105e-01	5.405444e-01	3.225280e-01	4.656748e-01	5.969024e-01	5.027098e-01	5.641129e-01	5.430198e-01	5.945611e-01	4.935849e-01	4.793995e-01	5.281119e-01	4.758867e-01	5.111522e-01	5.730534e-01	6.051991e-01	5.172142e-01	6.443837e-01	5.298581e-01	4.934925e-01	5.938271e-01	4.585299e-01	5.284384e-01	5.017546e-01	4.547127e-01	5.318672e-01	5.378380e-01	4.932894e-01	4.889259e-01	4.963767e-01	4.695537e-01	4.850709e-01	5.301643e-01	5.894869e-01	5.354075e-01	5.276110e-01	5.272242e-01	5.125780e-01	4.213972e-01	5.514057e-01	5.231158e-01	2.761923e-01	5.148932e-01	4.496744e-01	3.017808e-01	4.416554e-01	6.656710e-01	5.815231e-01	5.999937e-01	5.254874e-01	4.902679e-01	4.605802e-01	4.297146e-01	2.705435e-01	4.863831e-01	4.991623e-01	5.063208e-01	5.036749e-01	4.781715e-01	4.867043e-01	4.515008e-01	5.710458e-01	5.109686e-01	4.402453e-01	5.015166e-01	2.688199e-01	3.125907e-01	5.530364e-01	4.685096e-01	4.842918e-01	4.930460e-01	4.600466e-01	4.076669e-01	4.953212e-01	5.888315e-01	4.617422e-01	4.267418e-01	4.081093e-01	3.916568e-01	5.000408e-01	4.764210e-01	5.319669e-01	4.816223e-01	5.464587e-01	5.401526e-01	5.048670e-01	5.812888e-01	1.830689e-02	9.806972e-02	4.447138e-01	5.529753e-01	1.533977e-01	3.564890e-02	2.005967e-01	3.299127e-01	2.597193e-01	1.548771e-01	1.783243e-01	1.764528e-01	1.637371e-01	
2.873325e-01	2.512793e-01	4.347852e-01	1.962330e-01	3.385113e-01	3.433190e-01	3.708123e-01	4.063281e-01	4.147854e-01	2.881990e-01	4.759787e-01	4.518177e-01	4.530025e-01	6.241872e-01	3.534604e-01	3.311064e-01	2.517223e-01	4.765343e-01	4.211810e-01	3.353279e-01	5.321700e-01	3.690795e-01	2.523483e-01	3.863850e-01	3.619318e-01	3.644105e-01	2.162834e-01	2.089685e-01	4.165238e-01	4.467839e-01	3.542421e-01	3.476225e-01	2.158145e-01	3.779415e-01	3.917627e-01	4.004867e-01	3.634555e-01	2.097446e-01	3.915387e-01	4.272915e-01	4.055982e-01	4.132986e-01	3.751167e-01	5.099718e-01	4.403982e-01	3.959749e-01	4.480711e-01	3.754712e-01	4.065666e-01	4.835396e-01	4.157953e-01	3.426228e-01	4.461041e-01	4.724294e-01	4.198417e-01	5.222380e-01	3.858191e-01	3.639297e-01	3.753524e-01	4.013179e-01	3.943627e-01	3.713702e-01	4.484011e-01	4.338281e-01	3.985535e-01	4.198607e-01	3.929521e-01	3.914266e-01	3.982754e-01	4.435032e-01	4.461342e-01	3.721093e-01	3.568652e-01	2.909190e-01	3.807799e-01	4.560828e-01	1.929732e-01	4.673507e-01	4.024824e-01	2.025418e-01	3.846782e-01	4.605541e-01	3.850078e-01	5.116317e-01	4.458835e-01	4.246809e-01	3.864521e-01	3.092259e-01	1.969693e-01	3.736386e-01	3.776941e-01	4.029447e-01	3.589794e-01	3.293567e-01	4.560911e-01	3.883503e-01	5.092990e-01	3.317866e-01	3.162374e-01	3.851255e-01	2.447970e-01	2.866216e-01	4.981804e-01	3.163672e-01	3.511692e-01	3.654212e-01	3.948996e-01	3.519199e-01	3.689379e-01	4.951111e-01	3.502336e-01	3.782615e-01	2.937995e-01	2.761889e-01	3.380962e-01	3.947382e-01	4.359131e-01	4.207280e-01	4.347680e-01	4.061202e-01	4.555165e-01	4.094853e-01	7.098359e-04	8.303753e-02	3.571179e-01	4.265169e-01	1.115811e-01	3.963397e-02	1.740509e-01	2.208355e-01	1.962826e-01	1.193391e-01	1.277834e-01	1.427242e-01	1.479868e-01	
4.417656e-01	3.446590e-01	5.942919e-01	2.191423e-01	4.172691e-01	4.860496e-01	4.554735e-01	6.434859e-01	4.014669e-01	3.163271e-01	7.649569e-01	4.324095e-01	4.876376e-01	3.534604e-01	7.121644e-01	3.692869e-01	3.784139e-01	4.181265e-01	6.492723e-01	4.148134e-01	4.818115e-01	5.803900e-01	3.337614e-01	4.519412e-01	4.134870e-01	4.919415e-01	2.705864e-01	2.928693e-01	3.951065e-01	4.901639e-01	4.628487e-01	3.557937e-01	2.981466e-01	4.232856e-01	4.073684e-01	6.130841e-01	5.853370e-01	3.348986e-01	4.186156e-01	6.100311e-01	4.539493e-01	5.974201e-01	5.706961e-01	5.203876e-01	3.942416e-01	4.518236e-01	5.053988e-01	4.736796e-01	4.571452e-01	4.758862e-01	6.173466e-01	5.704372e-01	7.047486e-01	4.409041e-01	4.161318e-01	4.926432e-01	4.139620e-01	5.636878e-01	4.508526e-01	3.862200e-01	4.778005e-01	5.688256e-01	4.105790e-01	4.171059e-01	4.081997e-01	3.501339e-01	4.529767e-01	5.110706e-01	6.389147e-01	4.663703e-01	4.524117e-01	5.324746e-01	5.492746e-01	4.341662e-01	6.002360e-01	4.256867e-01	2.757803e-01	4.190045e-01	3.728271e-01	2.998027e-01	3.756378e-01	7.308468e-01	6.323371e-01	5.036733e-01	5.095120e-01	4.149677e-01	3.978560e-01	4.082429e-01	2.663792e-01	5.133710e-01	5.100011e-01	5.056572e-01	4.375867e-01	4.750968e-01	3.836478e-01	4.446759e-01	4.674755e-01	5.463549e-01	4.584701e-01	4.617147e-01	2.484775e-01	2.740872e-01	4.515398e-01	5.169756e-01	4.873736e-01	4.357644e-01	3.850128e-01	3.238295e-01	4.766449e-01	5.122859e-01	4.641483e-01	3.909379e-01	4.264055e-01	3.763352e-01	5.266194e-01	3.940309e-01	4.597273e-01	3.930390e-01	4.799925e-01	4.772729e-01	4.243987e-01	6.158470e-01	2.567505e-02	1.348230e-01	4.543328e-01	5.442207e-01	1.516229e-01	3.920582e-02	2.096274e-01	3.568955e-01	2.559518e-01	1.796122e-01	1.820593e-01	1.815537e-01	1.804354e-01	
3.271166e-01	3.218911e-01	4.758533e-01	1.926330e-01	3.055072e-01	3.335060e-01	3.529468e-01	4.462187e-01	3.660064e-01	3.079589e-01	5.254759e-01	4.164579e-01	4.337927e-01	3.311064e-01	3.692869e-01	5.562704e-01	3.242665e-01	4.049383e-01	4.565118e-01	3.568295e-01	4.432584e-01	3.887822e-01	3.174697e-01	3.759183e-01	3.991569e-01	3.634438e-01	2.709710e-01	2.718708e-01	3.625109e-01	4.293223e-01	3.812375e-01	3.659255e-01	2.654586e-01	3.927155e-01	3.724108e-01	4.228451e-01	4.020302e-01	2.788843e-01	3.607271e-01	4.344364e-01	3.931590e-01	4.385218e-01	3.897538e-01	4.407815e-01	3.624664e-01	3.485570e-01	3.904469e-01	3.562101e-01	4.032589e-01	4.502224e-01	4.491062e-01	3.878104e-01	4.817060e-01	4.000964e-01	3.846016e-01	4.508392e-01	3.772795e-01	3.966295e-01	4.169768e-01	3.659550e-01	4.356616e-01	3.798046e-01	3.927135e-01	3.757089e-01	3.847504e-01	3.475293e-01	3.849338e-01	3.992157e-01	4.267859e-01	4.114013e-01	4.106848e-01	4.043988e-01	3.561577e-01	3.310503e-01	4.101899e-01	3.873667e-01	2.606244e-01	3.771351e-01	3.374756e-01	2.937830e-01	3.500495e-01	5.139979e-01	4.303125e-01	4.536305e-01	4.015404e-01	3.804608e-01	3.538582e-01	3.694307e-01	2.519875e-01	3.504015e-01	3.440474e-01	3.448410e-01	4.269126e-01	3.459776e-01	3.706688e-01	3.241565e-01	4.192747e-01	3.731505e-01	3.357315e-01	4.333608e-01	2.153480e-01	2.350014e-01	4.114375e-01	3.542670e-01	3.527070e-01	3.968522e-01	3.586809e-01	3.177317e-01	3.741128e-01	4.490884e-01	3.340869e-01	3.216566e-01	3.018263e-01	3.479007e-01	3.816610e-01	3.907398e-01	4.317070e-01	3.875985e-01	4.186745e-01	4.600607e-01	3.843369e-01	4.294761e-01	6.242555e-03	8.607604e-02	3.216775e-01	3.828474e-01	1.283589e-01	2.094160e-02	1.543563e-01	2.500500e-01	2.231727e-01	1.232815e-01	1.334266e-01	1.320234e-01	1.390873e-01	
4.039616e-01	3.429824e-01	4.721465e-01	1.924082e-01	3.287466e-01	3.469907e-01	3.652814e-01	4.902586e-01	3.099958e-01	2.949095e-01	5.615836e-01	3.402161e-01	3.922564e-01	2.517223e-01	3.784139e-01	3.242665e-01	5.429021e-01	3.142300e-01	4.860288e-01	3.498427e-01	3.726973e-01	4.297713e-01	3.312824e-01	3.543349e-01	3.812802e-01	3.640372e-01	3.024888e-01	3.033779e-01	3.024727e-01	3.671304e-01	3.638282e-01	3.093865e-01	3.007163e-01	3.591452e-01	2.947770e-01	4.538937e-01	4.406546e-01	3.412619e-01	3.086423e-01	4.451627e-01	3.412651e-01	4.292889e-01	4.101247e-01	3.869498e-01	2.884882e-01	3.234052e-01	3.624579e-01	3.347236e-01	3.646127e-01	3.715904e-01	4.607882e-01	4.255605e-01	5.461429e-01	3.537982e-01	3.234733e-01	3.584321e-01	3.095015e-01	4.394563e-01	4.234419e-01	3.050143e-01	4.347101e-01	3.912064e-01	3.271604e-01	3.147596e-01	3.275260e-01	2.868675e-01	3.628558e-01	3.781399e-01	4.753644e-01	3.739440e-01	3.476013e-01	4.112311e-01	3.792578e-01	3.467593e-01	4.252429e-01	3.270765e-01	3.077373e-01	3.118491e-01	2.718959e-01	3.230524e-01	3.088830e-01	5.545828e-01	4.727591e-01	3.954595e-01	3.668323e-01	3.375548e-01	3.094227e-01	3.665641e-01	2.946854e-01	3.781291e-01	3.717425e-01	3.584705e-01	4.136922e-01	3.588477e-01	2.974126e-01	3.185017e-01	3.635987e-01	4.253269e-01	3.435303e-01	4.124147e-01	2.120217e-01	1.952749e-01	3.441351e-01	3.885185e-01	3.644150e-01	3.835373e-01	2.962351e-01	2.649034e-01	3.674072e-01	3.942678e-01	3.457493e-01	2.630225e-01	3.203792e-01	3.602373e-01	4.034448e-01	3.093251e-01	3.834261e-01	3.392928e-01	3.993807e-01	4.315023e-01	3.162226e-01	4.653189e-01	2.559393e-02	9.241740e-02	3.456493e-01	4.057118e-01	1.310910e-01	3.476901e-02	1.516607e-01	2.854804e-01	2.300304e-01	1.515800e-01	1.568222e-01	1.478950e-01	1.365694e-01	
3.557912e-01	3.101554e-01	5.118283e-01	2.310318e-01	3.920337e-01	4.147367e-01	4.420067e-01	4.834888e-01	4.590564e-01	3.549016e-01	5.788501e-01	5.108798e-01	5.122996e-01	4.765343e-01	4.181265e-01	4.049383e-01	3.142300e-01	7.254996e-01	5.088312e-01	3.868220e-01	5.794219e-01	4.298763e-01	3.179468e-01	4.388595e-01	4.264174e-01	4.025919e-01	2.701272e-01	2.703448e-01	4.672569e-01	5.056822e-01	4.119370e-01	4.137574e-01	2.884735e-01	4.271957e-01	4.379864e-01	4.601269e-01	4.298933e-01	2.680123e-01	4.351633e-01	4.818795e-01	4.556919e-01	4.708803e-01	4.479361e-01	5.742866e-01	4.941890e-01	4.412629e-01	5.128607e-01	4.569213e-01	4.784513e-01	5.462728e-01	4.972273e-01	3.917458e-01	5.322209e-01	5.270040e-01	4.785213e-01	5.772818e-01	4.334846e-01	4.347128e-01	4.495145e-01	4.549490e-01	4.536187e-01	4.376628e-01	5.070707e-01	4.692452e-01	4.363823e-01	4.689813e-01	4.496293e-01	4.411606e-01	4.679153e-01	5.004983e-01	5.063596e-01	4.452042e-01	4.016600e-01	3.603551e-01	4.730487e-01	5.199835e-01	2.545898e-01	5.157661e-01	4.382013e-01	2.820995e-01	4.238035e-01	5.650769e-01	4.659174e-01	5.667293e-01	5.095132e-01	4.698353e-01	4.400819e-01	3.608617e-01	2.517043e-01	4.387822e-01	4.458063e-01	4.603550e-01	4.459736e-01	3.788232e-01	4.910953e-01	4.433768e-01	5.674340e-01	3.984209e-01	3.600224e-01	4.542205e-01	2.747571e-01	3.139072e-01	5.619505e-01	3.906593e-01	4.097580e-01	4.241107e-01	4.252172e-01	4.035380e-01	4.183573e-01	5.579146e-01	4.245144e-01	4.301251e-01	3.650118e-01	3.586539e-01	3.947572e-01	4.649677e-01	4.930667e-01	4.810184e-01	4.837183e-01	4.781448e-01	5.041002e-01	4.828717e-01	5.868570e-03	9.749888e-02	4.200766e-01	4.977331e-01	1.204469e-01	3.195482e-02	1.863924e-01	2.621622e-01	2.269979e-01	1.394138e-01	1.595694e-01	1.692905e-01	1.564366e-01	
5.877605e-01	4.615454e-01	7.838790e-01	2.929257e-01	6.046692e-01	7.034937e-01	6.667844e-01	9.028946e-01	4.913715e-01	4.423004e-01	1.064956e+00	5.356856e-01	6.108717e-01	4.211810e-01	6.492723e-01	4.565118e-01	4.860288e-01	5.088312e-01	1.087240e+00	5.560977e-01	5.918506e-01	8.212364e-01	4.557893e-01	5.755109e-01	5.350005e-01	6.253761e-01	4.099552e-01	3.902873e-01	4.987744e-01	5.959251e-01	5.901945e-01	4.573058e-01	4.180586e-01	5.041327e-01	4.798586e-01	8.500383e-01	8.665823e-01	4.723874e-01	5.218121e-01	7.738596e-01	5.358457e-01	7.468245e-01	7.765582e-01	6.727729e-01	5.149696e-01	6.137893e-01	7.045261e-01	6.407174e-01	5.678037e-01	5.731275e-01	8.203142e-01	7.213281e-01	1.002421e+00	5.686946e-01	5.196152e-01	6.066570e-01	4.971612e-01	8.079288e-01	5.743169e-01	4.807868e-01	6.318384e-01	7.689307e-01	5.018827e-01	4.675861e-01	4.600937e-01	4.648743e-01	5.665408e-01	6.473187e-01	8.870334e-01	5.764353e-01	5.493326e-01	6.695071e-01	7.427573e-01	5.803925e-01	7.947003e-01	5.298494e-01	3.913698e-01	4.976040e-01	4.315499e-01	4.250033e-01	4.850944e-01	1.009067e+00	9.018863e-01	6.332219e-01	7.097366e-01	5.029771e-01	4.763981e-01	5.320431e-01	3.764944e-01	6.883998e-01	7.474347e-01	7.392332e-01	5.854569e-01	6.385009e-01	4.876087e-01	6.320589e-01	5.985969e-01	7.405873e-01	5.830388e-01	5.845817e-01	3.313175e-01	3.303503e-01	5.755070e-01	6.517082e-01	6.519760e-01	5.267680e-01	4.621499e-01	4.184986e-01	5.825021e-01	6.321340e-01	6.772145e-01	4.954730e-01	6.192097e-01	4.933239e-01	6.811380e-01	4.845236e-01	5.904207e-01	5.011990e-01	6.138743e-01	5.866638e-01	5.211559e-01	8.662330e-01	1.206868e-01	2.050981e-01	6.712025e-01	7.828800e-01	2.457815e-01	1.269409e-01	2.521866e-01	4.408417e-01	3.490780e-01	2.573266e-01	2.690537e-01	2.257413e-01	2.504012e-01	
4.001271e-01	3.314993e-01	5.301865e-01	1.852018e-01	3.573224e-01	4.189170e-01	4.150991e-01	5.530432e-01	3.576103e-01	3.093267e-01	6.418465e-01	4.005553e-01	4.394079e-01	3.353279e-01	4.148134e-01	3.568295e-01	3.498427e-01	3.868220e-01	5.560977e-01	5.742645e-01	4.534076e-01	4.862531e-01	3.352940e-01	3.999502e-01	3.819112e-01	4.254711e-01	2.807723e-01	2.865267e-01	3.604752e-01	4.325431e-01	4.248559e-01	3.552642e-01	3.041820e-01	3.782697e-01	3.551716e-01	5.139122e-01	5.067266e-01	3.007782e-01	3.730925e-01	5.137037e-01	4.063457e-01	4.962781e-01	4.773368e-01	4.597500e-01	3.542061e-01	3.896756e-01	4.316519e-01	3.995516e-01	4.208541e-01	4.549067e-01	5.207438e-01	4.789714e-01	6.054643e-01	4.151074e-01	3.841327e-01	4.491634e-01	3.893654e-01	4.998935e-01	4.425734e-01	3.744142e-01	4.433006e-01	4.794330e-01	3.747522e-01	3.515891e-01	3.632133e-01	3.528879e-01	4.105452e-01	4.386151e-01	5.251197e-01	4.150072e-01	4.119692e-01	4.490738e-01	4.399865e-01	3.823096e-01	4.928558e-01	3.769784e-01	2.830655e-01	3.808177e-01	3.313788e-01	2.826040e-01	3.470454e-01	6.177823e-01	5.390365e-01	4.686176e-01	4.406053e-01	3.925440e-01	3.671435e-01	3.852648e-01	2.823125e-01	4.221857e-01	4.357264e-01	4.307055e-01	4.406472e-01	4.068091e-01	3.630070e-01	3.831387e-01	4.324764e-01	4.693155e-01	4.021568e-01	4.372879e-01	2.200824e-01	2.419216e-01	4.104712e-01	4.222306e-01	4.332871e-01	3.837800e-01	3.601881e-01	3.028380e-01	4.244689e-01	4.599819e-01	3.974745e-01	3.344603e-01	3.472348e-01	3.639191e-01	4.410102e-01	3.793086e-01	4.371240e-01	3.723240e-01	4.200150e-01	4.384218e-01	3.876316e-01	5.280549e-01	3.183151e-02	1.209260e-01	4.001880e-01	4.737179e-01	1.433155e-01	4.207799e-02	1.760927e-01	2.888188e-01	2.534579e-01	1.599300e-01	1.620601e-01	1.602947e-01	1.564733e-01	
4.234749e-01	3.624672e-01	5.994224e-01	2.634847e-01	4.481555e-01	4.733518e-01	5.027338e-01	5.658606e-01	5.298073e-01	4.088432e-01	6.834736e-01	5.918388e-01	5.840184e-01	5.321700e-01	4.818115e-01	4.432584e-01	3.726973e-01	5.794219e-01	5.918506e-01	4.534076e-01	8.880342e-01	4.987207e-01	3.721929e-01	4.985125e-01	5.042168e-01	4.801549e-01	3.275365e-01	3.059951e-01	5.209216e-01	5.897590e-01	4.861120e-01	4.800244e-01	3.293608e-01	4.962237e-01	4.982559e-01	5.539455e-01	5.286519e-01	3.227350e-01	5.053929e-01	5.777799e-01	5.580358e-01	5.583403e-01	5.224451e-01	6.483763e-01	5.586432e-01	4.972628e-01	5.629767e-01	4.993750e-01	5.528178e-01	6.330576e-01	5.558587e-01	4.858422e-01	6.250653e-01	6.037779e-01	5.395782e-01	6.436090e-01	5.193761e-01	5.111792e-01	5.357866e-01	5.175919e-01	5.401669e-01	5.078670e-01	5.785947e-01	5.368542e-01	5.226614e-01	5.271451e-01	5.179614e-01	5.198487e-01	5.516105e-01	5.807353e-01	5.984894e-01	5.311944e-01	4.665219e-01	4.234309e-01	5.345712e-01	5.806981e-01	2.945487e-01	5.753635e-01	4.940828e-01	3.229294e-01	4.986898e-01	6.386146e-01	5.421920e-01	6.532761e-01	5.679938e-01	5.416762e-01	5.007014e-01	4.402177e-01	2.877878e-01	5.035572e-01	5.119205e-01	5.316685e-01	5.014596e-01	4.569813e-01	5.704355e-01	4.978642e-01	6.586930e-01	4.743115e-01	4.300352e-01	5.171987e-01	2.923563e-01	3.610612e-01	5.982789e-01	4.600007e-01	4.683579e-01	5.071036e-01	5.017181e-01	4.303765e-01	5.036380e-01	6.422941e-01	4.717109e-01	4.738725e-01	4.104342e-01	4.035816e-01	4.750346e-01	5.106928e-01	5.829292e-01	5.653527e-01	5.719050e-01	5.583507e-01	5.705679e-01	5.738602e-01	1.635142e-02	1.430209e-01	4.657136e-01	5.633050e-01	1.873957e-01	4.581893e-02	2.371940e-01	3.146510e-01	2.923758e-01	1.948356e-01	1.995065e-01	1.917026e-01	2.175588e-01	
5.235370e-01	4.154036e-01	6.762659e-01	2.518737e-01	5.156610e-01	6.059074e-01	5.722931e-01	8.051879e-01	4.168940e-01	3.859933e-01	9.470093e-01	4.510909e-01	5.306491e-01	3.690795e-01	5.803900e-01	3.887822e-01	4.297713e-01	4.298763e-01	8.212364e-01	4.862531e-01	4.987207e-01	9.075486e-01	3.861865e-01	5.043800e-01	4.729270e-01	5.549647e-01	3.556915e-01	3.471149e-01	4.149670e-01	4.983734e-01	5.223326e-01	3.855981e-01	3.610337e-01	4.450169e-01	4.074639e-01	7.450135e-01	7.716343e-01	4.057097e-01	4.524108e-01	6.892350e-01	4.673211e-01	6.658123e-01	6.818878e-01	5.686029e-01	4.207269e-01	5.211751e-01	6.032007e-01	5.470757e-01	4.918827e-01	4.910460e-01	7.194766e-01	6.407250e-01	9.021344e-01	4.823336e-01	4.464047e-01	5.140113e-01	4.304363e-01	7.183502e-01	5.022592e-01	4.076913e-01	5.442704e-01	6.760753e-01	4.012965e-01	3.862682e-01	4.094781e-01	3.821831e-01	4.974259e-01	5.578845e-01	7.975803e-01	4.860126e-01	4.755243e-01	5.850148e-01	6.598436e-01	5.121989e-01	7.046180e-01	4.310527e-01	3.517334e-01	4.205348e-01	3.769690e-01	3.618772e-01	4.150940e-01	8.927105e-01	8.064620e-01	5.425951e-01	5.934879e-01	4.425344e-01	4.101672e-01	4.542559e-01	3.385729e-01	6.134624e-01	6.547265e-01	6.214946e-01	5.072469e-01	5.656558e-01	4.073610e-01	5.366770e-01	5.127772e-01	6.471814e-01	5.228924e-01	5.072631e-01	2.841935e-01	2.742839e-01	4.792737e-01	5.870329e-01	5.756164e-01	4.511887e-01	4.031618e-01	3.498999e-01	5.109921e-01	5.622641e-01	5.689024e-01	4.240905e-01	5.307646e-01	4.385198e-01	6.135772e-01	4.173011e-01	5.156415e-01	4.306549e-01	5.287726e-01	5.042982e-01	4.428052e-01	7.756876e-01	1.003497e-01	1.578582e-01	5.709236e-01	6.692063e-01	1.947672e-01	9.382819e-02	2.153926e-01	3.947708e-01	3.127159e-01	2.182660e-01	2.344640e-01	1.944366e-01	2.102975e-01	
