5.229449e-01	2.971178e-01	4.556866e-01	1.913222e-01	3.581020e-01	3.775735e-01	3.475177e-01	5.223124e-01	3.315171e-01	2.626722e-01	5.136862e-01	2.920161e-01	3.903283e-01	2.759637e-01	3.954684e-01	3.485968e-01	2.802120e-01	3.487082e-01	5.144528e-01	3.834852e-01	3.100964e-01	4.607365e-01	2.494343e-01	3.711565e-01	3.740939e-01	4.174700e-01	2.273376e-01	2.569043e-01	2.984071e-01	3.397867e-01	3.258460e-01	3.281188e-01	2.485973e-01	4.124025e-01	2.646457e-01	5.256972e-01	5.626551e-01	2.768620e-01	3.382893e-01	4.593909e-01	3.605013e-01	4.447945e-01	4.442188e-01	3.865536e-01	2.590535e-01	3.354567e-01	3.761801e-01	3.356403e-01	3.573379e-01	3.860686e-01	4.489036e-01	4.995795e-01	4.784609e-01	3.538569e-01	3.241989e-01	3.165771e-01	2.931035e-01	4.950966e-01	3.677438e-01	3.159297e-01	3.833838e-01	4.419827e-01	3.356091e-01	3.331810e-01	3.809529e-01	2.977979e-01	3.536490e-01	3.844905e-01	5.082304e-01	3.126837e-01	3.525122e-01	4.157983e-01	5.016455e-01	2.961229e-01	4.873355e-01	2.917531e-01	2.519863e-01	3.005819e-01	3.031336e-01	2.984773e-01	3.330506e-01	5.530321e-01	5.662972e-01	3.698317e-01	4.049237e-01	2.733161e-01	3.270198e-01	3.595852e-01	2.331497e-01	4.021920e-01	4.181222e-01	3.996591e-01	3.376820e-01	3.728349e-01	3.596414e-01	3.419143e-01	3.105437e-01	4.073693e-01	4.055706e-01	3.367946e-01	1.724094e-01	2.373738e-01	3.271036e-01	4.743065e-01	4.290279e-01	3.541501e-01	3.044187e-01	2.290151e-01	3.561413e-01	3.746472e-01	4.011646e-01	2.762688e-01	3.343534e-01	3.135065e-01	4.124638e-01	3.335941e-01	4.092199e-01	2.896750e-01	3.518420e-01	3.016377e-01	3.997279e-01	5.451812e-01	4.535489e-02	1.332300e-01	4.017955e-01	4.051036e-01	1.447336e-01	5.174540e-03	1.837454e-01	3.072675e-01	2.433921e-01	1.160955e-01	1.511107e-01	1.309657e-01	1.761351e-01	
2.971178e-01	4.858858e-01	3.916284e-01	2.072907e-01	2.971681e-01	3.097488e-01	3.031859e-01	4.347139e-01	3.290297e-01	2.549694e-01	3.959654e-01	2.941701e-01	3.712554e-01	2.753595e-01	3.190631e-01	3.279647e-01	2.885379e-01	3.343016e-01	3.947873e-01	3.292910e-01	3.219149e-01	3.718715e-01	2.545904e-01	3.211806e-01	3.613413e-01	3.378257e-01	2.573442e-01	2.882617e-01	3.038719e-01	3.170785e-01	2.559442e-01	3.238885e-01	2.510871e-01	3.986569e-01	2.532160e-01	4.275999e-01	4.393008e-01	2.710128e-01	2.885247e-01	3.662188e-01	3.048123e-01	3.736761e-01	3.451984e-01	3.316271e-01	2.575208e-01	2.878699e-01	3.316480e-01	2.905521e-01	3.499872e-01	3.627302e-01	3.543812e-01	4.012096e-01	3.800695e-01	3.467443e-01	2.939533e-01	3.066281e-01	2.603184e-01	3.948961e-01	3.473259e-01	3.019984e-01	3.662968e-01	3.230327e-01	3.337980e-01	3.185371e-01	3.623017e-01	2.845223e-01	2.952826e-01	3.319416e-01	4.090581e-01	2.775712e-01	3.212264e-01	3.570977e-01	3.648610e-01	2.566579e-01	4.049105e-01	2.805120e-01	2.736249e-01	3.070433e-01	3.090737e-01	3.152269e-01	3.233545e-01	4.363524e-01	4.325949e-01	3.595558e-01	3.643870e-01	2.625458e-01	3.112026e-01	3.515140e-01	2.460936e-01	3.249916e-01	3.710365e-01	3.362914e-01	3.316031e-01	2.914048e-01	3.466904e-01	3.155174e-01	3.127961e-01	3.418298e-01	3.270300e-01	3.245622e-01	1.616708e-01	2.163334e-01	3.268338e-01	3.922651e-01	3.484094e-01	3.241690e-01	2.913317e-01	2.455078e-01	2.939461e-01	3.411354e-01	3.430031e-01	2.791260e-01	2.746986e-01	2.999621e-01	3.319648e-01	3.121282e-01	3.777182e-01	3.049807e-01	3.373497e-01	3.203928e-01	3.850353e-01	4.210633e-01	4.837865e-02	1.292837e-01	3.371751e-01	3.377910e-01	1.432046e-01	1.545394e-02	1.574920e-01	2.469262e-01	2.446877e-01	1.312341e-01	1.268702e-01	1.416014e-01	1.705316e-01	
4.556866e-01	3.916284e-01	9.147615e-01	2.893833e-01	5.813410e-01	5.829120e-01	5.443482e-01	7.757501e-01	4.905592e-01	3.534379e-01	7.988486e-01	4.367537e-01	5.632163e-01	3.994864e-01	5.973891e-01	4.896396e-01	3.913482e-01	4.956389e-01	7.643244e-01	5.503080e-01	5.082155e-01	7.048028e-01	3.801550e-01	5.584803e-01	5.182362e-01	6.221754e-01	2.987220e-01	3.590926e-01	4.866152e-01	5.099373e-01	4.735686e-01	4.683956e-01	3.468760e-01	5.742452e-01	4.209230e-01	8.041964e-01	8.594320e-01	4.047348e-01	5.241349e-01	6.742875e-01	5.055597e-01	6.745526e-01	6.664953e-01	5.901013e-01	4.378361e-01	4.925395e-01	5.787507e-01	5.414865e-01	5.106420e-01	5.847493e-01	7.024810e-01	7.547365e-01	7.155439e-01	5.343554e-01	5.093171e-01	4.848145e-01	4.248556e-01	7.517949e-01	4.968289e-01	4.835431e-01	5.146851e-01	6.655751e-01	4.883165e-01	4.987484e-01	5.179238e-01	4.491566e-01	5.367202e-01	5.581674e-01	7.819307e-01	4.587130e-01	5.084599e-01	6.354951e-01	7.237014e-01	4.625671e-01	7.474823e-01	4.266540e-01	3.554983e-01	4.529733e-01	4.597270e-01	4.004750e-01	4.831374e-01	8.545262e-01	8.782830e-01	5.456483e-01	6.282989e-01	4.147904e-01	4.768884e-01	4.715639e-01	3.235434e-01	6.109712e-01	6.563192e-01	6.582140e-01	4.728498e-01	5.613077e-01	5.163018e-01	5.774932e-01	5.037190e-01	6.177381e-01	6.090981e-01	4.445068e-01	2.421261e-01	3.506822e-01	5.252568e-01	7.066015e-01	6.479319e-01	5.107113e-01	4.423513e-01	3.614338e-01	5.067888e-01	5.391785e-01	6.017972e-01	4.539232e-01	5.532088e-01	4.419866e-01	5.984371e-01	4.631451e-01	5.584658e-01	4.535506e-01	4.895380e-01	4.186236e-01	5.647288e-01	8.092728e-01	8.018736e-02	1.870445e-01	6.079771e-01	6.348748e-01	2.070527e-01	5.213751e-02	2.450266e-01	4.442244e-01	3.262678e-01	1.740242e-01	1.802392e-01	1.805488e-01	2.421273e-01	
1.913222e-01	2.072907e-01	2.893833e-01	3.317869e-01	2.635990e-01	2.505637e-01	2.451984e-01	3.412356e-01	2.309549e-01	1.708943e-01	3.119973e-01	2.043486e-01	2.346145e-01	2.064598e-01	2.315779e-01	2.214990e-01	1.651833e-01	2.387599e-01	3.003006e-01	2.283125e-01	2.339615e-01	2.913058e-01	1.629054e-01	2.167117e-01	2.449631e-01	2.404683e-01	1.587382e-01	1.885619e-01	2.316697e-01	2.275972e-01	1.850999e-01	2.197895e-01	1.534503e-01	2.608272e-01	1.888812e-01	3.315050e-01	3.325951e-01	1.612369e-01	2.081461e-01	2.566915e-01	2.091225e-01	2.663193e-01	2.619665e-01	2.592033e-01	2.151090e-01	2.119672e-01	2.622938e-01	2.463061e-01	2.366716e-01	2.705545e-01	2.578251e-01	2.938840e-01	2.951411e-01	2.601247e-01	2.355900e-01	2.133246e-01	1.841780e-01	2.947101e-01	2.248926e-01	2.211755e-01	2.376182e-01	2.404056e-01	2.326944e-01	2.317483e-01	2.368795e-01	2.210472e-01	2.201439e-01	2.307602e-01	3.057621e-01	2.127912e-01	2.423794e-01	2.524362e-01	2.828391e-01	1.754203e-01	2.921498e-01	2.056479e-01	1.660123e-01	2.421035e-01	2.307372e-01	2.092717e-01	2.275045e-01	3.441821e-01	3.361617e-01	2.649355e-01	2.871170e-01	1.856649e-01	2.072905e-01	2.246266e-01	1.690727e-01	2.494400e-01	2.857668e-01	2.926702e-01	2.136841e-01	2.046128e-01	2.672863e-01	2.629176e-01	2.389694e-01	2.480858e-01	2.252104e-01	2.190325e-01	1.191526e-01	1.584709e-01	2.574801e-01	2.831608e-01	2.523026e-01	2.300331e-01	2.074510e-01	1.691023e-01	2.141182e-01	2.376468e-01	2.708166e-01	2.173041e-01	2.272035e-01	1.831083e-01	2.193114e-01	1.966488e-01	2.623709e-01	2.119613e-01	2.201931e-01	2.143496e-01	2.708517e-01	3.303417e-01	5.297451e-02	1.061797e-01	2.545680e-01	2.836084e-01	9.972611e-02	2.670619e-02	1.021990e-01	1.751391e-01	1.643833e-01	1.000764e-01	8.702628e-02	9.633961e-02	1.312201e-01	
3.581020e-01	2.971681e-01	5.813410e-01	2.635990e-01	7.087191e-01	5.513262e-01	5.082207e-01	6.670899e-01	3.875871e-01	2.905184e-01	7.072325e-01	3.474047e-01	4.110662e-01	3.230196e-01	4.674025e-01	3.633203e-01	2.928222e-01	3.921246e-01	6.392301e-01	4.238309e-01	4.068430e-01	5.979095e-01	2.770648e-01	4.047241e-01	3.903855e-01	4.804631e-01	2.273926e-01	2.899803e-01	3.918558e-01	4.146212e-01	3.665273e-01	3.668528e-01	2.437583e-01	4.286594e-01	3.422245e-01	6.709960e-01	7.191361e-01	2.978557e-01	4.114087e-01	5.408969e-01	3.835340e-01	5.361715e-01	5.528474e-01	5.127174e-01	3.715031e-01	4.384239e-01	5.305054e-01	5.173424e-01	4.134638e-01	4.763768e-01	5.480180e-01	6.117580e-01	6.327966e-01	4.380014e-01	4.132557e-01	3.687485e-01	3.091940e-01	6.479856e-01	3.535568e-01	3.846331e-01	4.009722e-01	5.432032e-01	3.647261e-01	3.967255e-01	3.935625e-01	3.607155e-01	4.161222e-01	4.411325e-01	6.447423e-01	3.750618e-01	4.101569e-01	5.104698e-01	6.148391e-01	3.520019e-01	5.985379e-01	3.313448e-01	2.782000e-01	3.833252e-01	3.762564e-01	3.356803e-01	3.770762e-01	7.087565e-01	7.463343e-01	4.479667e-01	5.728919e-01	3.220829e-01	3.687445e-01	3.740388e-01	2.725352e-01	5.389779e-01	5.992004e-01	6.048338e-01	3.607592e-01	4.560135e-01	4.139632e-01	5.233678e-01	4.183906e-01	4.935277e-01	4.685840e-01	3.443395e-01	1.944074e-01	2.944039e-01	4.234591e-01	5.565342e-01	5.073338e-01	4.006118e-01	3.433882e-01	3.155382e-01	3.898495e-01	4.330307e-01	5.737746e-01	3.780755e-01	5.121133e-01	3.356285e-01	4.566161e-01	3.492711e-01	4.182508e-01	3.553025e-01	3.753536e-01	3.218221e-01	4.633666e-01	6.705073e-01	7.891983e-02	1.455507e-01	5.354413e-01	5.947486e-01	1.547324e-01	5.779437e-02	1.664550e-01	3.632718e-01	2.325754e-01	1.368556e-01	1.423867e-01	1.438864e-01	1.771965e-01	
3.775735e-01	3.097488e-01	5.829120e-01	2.505637e-01	5.513262e-01	7.532794e-01	5.201914e-01	6.829898e-01	3.927024e-01	2.927132e-01	7.034814e-01	3.764501e-01	4.444287e-01	3.419950e-01	4.859331e-01	3.844244e-01	3.020995e-01	4.091687e-01	6.688615e-01	4.344952e-01	4.302315e-01	6.069468e-01	2.853872e-01	4.332944e-01	4.086233e-01	4.993000e-01	2.168911e-01	2.836539e-01	4.100274e-01	4.257207e-01	3.831719e-01	3.737234e-01	2.537530e-01	4.614301e-01	3.753487e-01	7.062989e-01	7.390965e-01	3.090748e-01	4.333823e-01	5.533814e-01	3.903030e-01	5.560237e-01	5.781927e-01	5.348531e-01	3.852303e-01	4.574909e-01	5.579725e-01	5.152227e-01	4.159139e-01	4.937109e-01	5.572190e-01	6.370230e-01	6.242481e-01	4.466766e-01	4.442849e-01	3.875511e-01	3.354956e-01	6.529130e-01	3.762044e-01	4.104868e-01	4.087914e-01	5.665501e-01	4.071698e-01	4.186680e-01	4.140317e-01	3.675336e-01	4.300274e-01	4.564158e-01	6.781142e-01	3.947347e-01	4.443784e-01	5.127853e-01	6.275240e-01	3.859602e-01	6.200686e-01	3.555929e-01	2.770155e-01	3.893540e-01	3.927542e-01	3.465750e-01	4.004420e-01	7.487926e-01	7.804079e-01	4.676906e-01	5.903753e-01	3.469205e-01	4.050497e-01	3.792038e-01	2.787106e-01	5.564622e-01	6.317138e-01	6.095525e-01	3.806711e-01	4.734287e-01	4.514283e-01	5.359884e-01	4.389778e-01	5.062008e-01	4.868526e-01	3.469608e-01	1.879124e-01	3.061312e-01	4.417789e-01	5.804948e-01	5.425977e-01	4.018656e-01	3.693194e-01	3.211574e-01	4.070664e-01	4.595291e-01	5.511301e-01	3.971038e-01	5.384717e-01	3.387112e-01	4.765768e-01	3.604691e-01	4.388173e-01	3.578361e-01	3.798166e-01	3.394071e-01	4.894467e-01	6.886747e-01	7.878658e-02	1.540345e-01	5.411148e-01	6.113557e-01	1.748636e-01	6.717216e-02	1.855357e-01	3.618899e-01	2.339544e-01	1.458072e-01	1.413536e-01	1.352359e-01	1.768325e-01	
3.475177e-01	3.031859e-01	5.443482e-01	2.451984e-01	5.082207e-01	5.201914e-01	6.998987e-01	6.196715e-01	4.011012e-01	2.756682e-01	6.408599e-01	3.523206e-01	4.315872e-01	3.438069e-01	4.475923e-01	3.644185e-01	2.732043e-01	4.221543e-01	5.967785e-01	4.041730e-01	4.263927e-01	5.522222e-01	2.742197e-01	4.015928e-01	4.044353e-01	4.717483e-01	2.309586e-01	2.761995e-01	4.114163e-01	4.156867e-01	3.513966e-01	3.697326e-01	2.428921e-01	4.463428e-01	3.675373e-01	6.346578e-01	6.648433e-01	2.849282e-01	4.026803e-01	5.150824e-01	3.658370e-01	5.055167e-01	5.154551e-01	5.145198e-01	3.739545e-01	4.404243e-01	5.435008e-01	5.035091e-01	4.304272e-01	4.939265e-01	5.069784e-01	5.718350e-01	5.807105e-01	4.432455e-01	4.377234e-01	3.849743e-01	3.212553e-01	5.903125e-01	3.539861e-01	4.076556e-01	3.952134e-01	5.161428e-01	4.087329e-01	4.319903e-01	4.066692e-01	3.785612e-01	4.190499e-01	4.265643e-01	6.183987e-01	3.950573e-01	4.337175e-01	4.862800e-01	5.671284e-01	3.396877e-01	5.700509e-01	3.628318e-01	2.480783e-01	4.059153e-01	3.885159e-01	3.111636e-01	3.972304e-01	6.511622e-01	6.943754e-01	4.623139e-01	5.777378e-01	3.325529e-01	3.954793e-01	3.719479e-01	2.693472e-01	5.197259e-01	5.814781e-01	5.782448e-01	3.751760e-01	4.275964e-01	4.464319e-01	5.156780e-01	4.331521e-01	4.648219e-01	4.476594e-01	3.539827e-01	1.905080e-01	3.045869e-01	4.567334e-01	5.447994e-01	4.916633e-01	4.014895e-01	3.752670e-01	3.247509e-01	3.895523e-01	4.442254e-01	5.435051e-01	3.935255e-01	4.734443e-01	3.226961e-01	4.253795e-01	3.738991e-01	4.344027e-01	3.569429e-01	3.792107e-01	3.303104e-01	4.703805e-01	6.279570e-01	7.709369e-02	1.481998e-01	5.036099e-01	5.716421e-01	1.240121e-01	4.553798e-02	1.569448e-01	3.336434e-01	2.216918e-01	1.234616e-01	1.431611e-01	1.303446e-01	1.635151e-01	
5.223124e-01	4.347139e-01	7.757501e-01	3.412356e-01	6.670899e-01	6.829898e-01	6.196715e-01	1.117403e+00	5.049959e-01	3.944621e-01	9.618476e-01	4.277469e-01	5.790039e-01	4.145735e-01	6.359793e-01	5.197323e-01	4.238987e-01	4.934762e-01	9.107394e-01	6.071191e-01	5.135789e-01	8.396978e-01	3.927938e-01	5.622136e-01	5.463068e-01	6.524426e-01	3.136807e-01	4.201411e-01	4.738209e-01	5.412788e-01	5.147533e-01	4.930886e-01	3.643356e-01	5.878183e-01	4.324183e-01	9.160919e-01	1.009520e+00	4.184855e-01	5.506312e-01	7.219889e-01	5.141364e-01	7.420397e-01	7.555981e-01	6.284496e-01	4.310235e-01	5.450657e-01	6.526042e-01	6.117653e-01	5.219384e-01	6.136849e-01	7.513566e-01	8.541129e-01	8.650674e-01	5.436405e-01	5.214362e-01	4.790271e-01	4.332021e-01	9.137894e-01	5.290847e-01	4.965400e-01	5.501805e-01	7.376273e-01	4.805704e-01	5.126120e-01	5.411770e-01	4.508719e-01	5.342389e-01	5.892006e-01	9.340150e-01	4.824514e-01	5.192695e-01	6.812120e-01	8.480218e-01	5.193494e-01	8.196650e-01	4.104346e-01	4.056279e-01	4.661727e-01	4.648721e-01	4.628665e-01	4.776908e-01	9.996892e-01	1.041380e+00	5.675571e-01	7.029414e-01	4.065600e-01	4.791504e-01	5.138056e-01	3.616080e-01	6.861828e-01	7.561352e-01	7.379373e-01	5.010942e-01	6.179310e-01	5.116827e-01	6.467206e-01	5.176647e-01	7.118799e-01	6.489511e-01	4.811327e-01	2.726243e-01	3.926115e-01	5.069557e-01	7.787180e-01	7.057906e-01	5.131274e-01	4.397371e-01	3.690035e-01	5.311241e-01	5.781062e-01	6.960204e-01	4.562155e-01	6.311926e-01	4.434049e-01	6.463898e-01	4.747789e-01	5.750041e-01	4.420484e-01	5.197701e-01	4.422593e-01	5.896743e-01	9.554738e-01	8.879531e-02	2.022065e-01	6.880837e-01	7.408343e-01	2.129322e-01	7.674391e-02	2.684412e-01	5.041470e-01	3.391947e-01	1.756267e-01	1.981554e-01	1.871745e-01	2.398975e-01	
3.315171e-01	3.290297e-01	4.905592e-01	2.309549e-01	3.875871e-01	3.927024e-01	4.011012e-01	5.049959e-01	6.664656e-01	2.695112e-01	4.910579e-01	4.062850e-01	4.892359e-01	4.083421e-01	4.433785e-01	3.985395e-01	2.922481e-01	5.120882e-01	5.039604e-01	4.076166e-01	4.744269e-01	4.395588e-01	2.571660e-01	4.546201e-01	4.127818e-01	4.713019e-01	2.233443e-01	2.419780e-01	4.470397e-01	4.464101e-01	3.541797e-01	3.936793e-01	2.570497e-01	4.916327e-01	3.963912e-01	5.526785e-01	5.305430e-01	2.866229e-01	4.092627e-01	5.026893e-01	4.340535e-01	4.859545e-01	4.442652e-01	4.781614e-01	3.927094e-01	3.874695e-01	4.231121e-01	3.743829e-01	4.598477e-01	5.200774e-01	4.921262e-01	5.231384e-01	4.625288e-01	4.929234e-01	4.631600e-01	4.422539e-01	3.751782e-01	4.628159e-01	3.908026e-01	4.411921e-01	4.015472e-01	4.476005e-01	4.631763e-01	4.603399e-01	4.802189e-01	4.379564e-01	4.326585e-01	4.655359e-01	4.709835e-01	4.154514e-01	5.040430e-01	4.743308e-01	4.879176e-01	3.216796e-01	4.931510e-01	4.253184e-01	2.384494e-01	4.675059e-01	4.281016e-01	2.787676e-01	4.482495e-01	5.293034e-01	5.402101e-01	4.934721e-01	4.655643e-01	3.850688e-01	4.343837e-01	3.832774e-01	2.232871e-01	4.390692e-01	4.634211e-01	4.514284e-01	3.682001e-01	3.850950e-01	5.007955e-01	3.996578e-01	4.613626e-01	4.298533e-01	4.287142e-01	3.733272e-01	1.869187e-01	2.850668e-01	4.913642e-01	4.982855e-01	4.883821e-01	4.536173e-01	4.259523e-01	3.573043e-01	4.233254e-01	4.834743e-01	4.470808e-01	4.150750e-01	3.511327e-01	3.417244e-01	4.462517e-01	4.210113e-01	5.109301e-01	3.855748e-01	4.193017e-01	3.826204e-01	5.451005e-01	5.180826e-01	4.489075e-02	1.644431e-01	4.318660e-01	4.350453e-01	1.591702e-01	1.890388e-02	1.838393e-01	2.986411e-01	2.635362e-01	1.323964e-01	1.530022e-01	1.762945e-01	2.074044e-01	
2.626722e-01	2.549694e-01	3.534379e-01	1.708943e-01	2.905184e-01	2.927132e-01	2.756682e-01	3.944621e-01	2.695112e-01	4.172489e-01	3.855240e-01	2.481162e-01	3.201879e-01	2.297779e-01	2.894912e-01	2.831774e-01	2.309460e-01	2.703483e-01	3.818552e-01	2.989310e-01	2.771888e-01	3.662286e-01	2.102986e-01	2.778640e-01	3.105386e-01	2.903077e-01	2.075965e-01	2.391401e-01	2.563666e-01	2.938388e-01	2.360251e-01	2.852467e-01	2.045549e-01	3.324851e-01	2.225302e-01	3.995489e-01	4.289697e-01	2.256021e-01	2.582474e-01	3.350171e-01	2.704949e-01	3.336765e-01	3.323017e-01	3.078573e-01	2.191208e-01	2.466211e-01	3.148781e-01	2.689807e-01	3.057399e-01	3.252765e-01	3.245376e-01	3.831571e-01	3.751754e-01	2.959618e-01	2.763772e-01	2.608139e-01	2.338244e-01	3.830358e-01	3.046091e-01	2.669548e-01	3.159538e-01	3.183454e-01	2.799875e-01	2.538896e-01	3.121076e-01	2.460909e-01	2.563862e-01	2.828591e-01	3.881166e-01	2.425664e-01	2.658104e-01	3.127998e-01	3.453179e-01	2.477937e-01	3.783039e-01	2.372654e-01	2.373783e-01	2.562734e-01	2.569760e-01	2.568292e-01	2.766602e-01	4.185856e-01	4.223621e-01	3.034154e-01	3.282477e-01	2.231190e-01	2.583209e-01	2.949063e-01	2.186866e-01	3.016413e-01	3.294271e-01	3.217598e-01	2.898801e-01	2.798553e-01	3.004621e-01	2.938620e-01	2.696139e-01	3.047072e-01	2.866914e-01	2.847254e-01	1.569470e-01	1.805584e-01	2.748952e-01	3.384764e-01	3.215073e-01	2.821678e-01	2.644086e-01	2.132361e-01	2.737646e-01	2.941168e-01	3.182128e-01	2.381013e-01	2.787356e-01	2.434156e-01	3.058721e-01	2.601656e-01	3.292973e-01	2.704665e-01	2.830343e-01	2.652233e-01	3.351035e-01	4.300969e-01	5.169409e-02	1.141643e-01	2.993404e-01	3.184875e-01	1.116975e-01	1.159351e-02	1.280995e-01	2.313307e-01	1.969923e-01	9.627008e-02	1.280305e-01	1.058541e-01	1.458363e-01	
5.136862e-01	3.959654e-01	7.988486e-01	3.119973e-01	7.072325e-01	7.034814e-01	6.408599e-01	9.618476e-01	4.910579e-01	3.855240e-01	1.173462e+00	4.319182e-01	5.717448e-01	3.882887e-01	6.584488e-01	4.927027e-01	4.178088e-01	4.702173e-01	9.410529e-01	6.009624e-01	4.926001e-01	8.611287e-01	3.775198e-01	5.720281e-01	5.211276e-01	6.706439e-01	2.899503e-01	3.811115e-01	4.821748e-01	5.191488e-01	5.249675e-01	4.727889e-01	3.518161e-01	5.548870e-01	4.421389e-01	9.416770e-01	1.056660e+00	4.255375e-01	5.528470e-01	7.503250e-01	5.147478e-01	7.695674e-01	7.818411e-01	6.368375e-01	4.298234e-01	5.694568e-01	6.685667e-01	6.404859e-01	4.971579e-01	6.059870e-01	7.764677e-01	8.761095e-01	8.987883e-01	5.416158e-01	5.251489e-01	4.528026e-01	4.218113e-01	9.458764e-01	5.129657e-01	4.730083e-01	5.178122e-01	7.718116e-01	4.636366e-01	4.926211e-01	5.112193e-01	4.402981e-01	5.407889e-01	6.037774e-01	9.512548e-01	4.765541e-01	4.882885e-01	7.025516e-01	8.732994e-01	5.229339e-01	8.454482e-01	3.947725e-01	3.854010e-01	4.517248e-01	4.441037e-01	4.527273e-01	4.610644e-01	1.056021e+00	1.101997e+00	5.518020e-01	7.322262e-01	4.007223e-01	4.834536e-01	4.996382e-01	3.558289e-01	6.964533e-01	7.579269e-01	7.634049e-01	4.749117e-01	6.406889e-01	4.942765e-01	6.754977e-01	5.144676e-01	7.115158e-01	6.773960e-01	4.572885e-01	2.551724e-01	3.816413e-01	4.953670e-01	8.013832e-01	7.227291e-01	5.148375e-01	4.262153e-01	3.551003e-01	5.178692e-01	5.697767e-01	7.114391e-01	4.695485e-01	6.824063e-01	4.360278e-01	6.708458e-01	4.712921e-01	5.375250e-01	4.222633e-01	4.911957e-01	4.141659e-01	5.781613e-01	9.839218e-01	9.762449e-02	1.692225e-01	7.116487e-01	7.698467e-01	1.865859e-01	6.662820e-02	2.476799e-01	5.126921e-01	3.207829e-01	1.592209e-01	1.924348e-01	1.586047e-01	2.229591e-01	
2.920161e-01	2.941701e-01	4.367537e-01	2.043486e-01	3.474047e-01	3.764501e-01	3.523206e-01	4.277469e-01	4.062850e-01	2.481162e-01	4.319182e-01	5.654509e-01	4.178562e-01	3.531998e-01	3.872033e-01	3.552931e-01	2.764132e-01	4.293478e-01	4.240667e-01	3.580239e-01	4.298291e-01	3.946407e-01	2.233362e-01	3.885286e-01	3.654792e-01	4.132976e-01	2.069718e-01	2.368770e-01	3.852301e-01	3.828885e-01	2.940269e-01	3.430417e-01	2.163971e-01	4.575406e-01	3.239290e-01	4.809040e-01	4.424494e-01	2.654231e-01	3.649594e-01	4.370130e-01	3.750449e-01	4.146731e-01	3.965811e-01	4.430104e-01	3.670210e-01	3.490442e-01	3.857883e-01	3.428711e-01	4.107396e-01	4.526589e-01	4.059609e-01	4.545882e-01	3.851073e-01	4.479323e-01	4.160122e-01	3.863779e-01	3.248026e-01	3.880357e-01	3.369318e-01	3.806339e-01	3.708483e-01	3.817955e-01	4.033423e-01	4.007937e-01	4.222740e-01	3.987405e-01	3.778420e-01	4.113336e-01	4.175163e-01	3.633790e-01	4.307272e-01	4.242153e-01	4.044611e-01	2.751362e-01	4.426353e-01	3.905123e-01	2.277368e-01	4.071406e-01	3.803374e-01	2.773242e-01	4.122634e-01	4.570971e-01	4.761177e-01	4.416630e-01	4.303255e-01	3.452589e-01	3.813674e-01	3.428446e-01	2.228270e-01	3.800201e-01	4.270711e-01	4.144894e-01	3.254064e-01	3.326869e-01	4.455356e-01	3.563519e-01	4.169087e-01	3.585273e-01	3.780456e-01	3.235734e-01	1.654009e-01	2.531711e-01	4.439865e-01	4.352918e-01	4.030265e-01	3.914168e-01	3.777203e-01	3.176456e-01	3.542801e-01	4.220280e-01	3.855819e-01	3.703315e-01	3.266699e-01	3.052439e-01	3.928955e-01	3.723071e-01	4.476730e-01	3.539848e-01	3.606126e-01	3.413782e-01	4.865494e-01	4.310132e-01	4.916897e-02	1.238040e-01	3.791457e-01	3.844692e-01	1.398098e-01	9.881638e-03	1.489667e-01	2.595118e-01	2.168618e-01	1.303930e-01	1.339197e-01	1.529014e-01	1.563092e-01	
3.903283e-01	3.712554e-01	5.632163e-01	2.346145e-01	4.110662e-01	4.444287e-01	4.315872e-01	5.790039e-01	4.892359e-01	3.201879e-01	5.717448e-01	4.178562e-01	7.245129e-01	4.148860e-01	4.919471e-01	4.490055e-01	3.516417e-01	5.171135e-01	5.727671e-01	4.572021e-01	4.751673e-01	4.868840e-01	2.934610e-01	4.956650e-01	4.575233e-01	5.081032e-01	2.511834e-01	3.003994e-01	4.536545e-01	4.854710e-01	3.939757e-01	4.232978e-01	2.964022e-01	5.453645e-01	4.133176e-01	6.183459e-01	5.960883e-01	3.198021e-01	4.380132e-01	5.645497e-01	4.567159e-01	5.314808e-01	4.994377e-01	5.260627e-01	4.200164e-01	4.228581e-01	4.689747e-01	3.995326e-01	4.879159e-01	5.395043e-01	5.551551e-01	5.975623e-01	5.171896e-01	5.013243e-01	4.852474e-01	4.767812e-01	4.008864e-01	5.263282e-01	4.509965e-01	4.627324e-01	4.627331e-01	5.000962e-01	4.989360e-01	4.885354e-01	5.220336e-01	4.468714e-01	4.589524e-01	5.276617e-01	5.566963e-01	4.433433e-01	5.096935e-01	5.287141e-01	5.427742e-01	3.568401e-01	5.662420e-01	4.468537e-01	2.761250e-01	4.623277e-01	4.520237e-01	3.244204e-01	4.480818e-01	6.036151e-01	6.181300e-01	5.060501e-01	4.998921e-01	3.905212e-01	4.605705e-01	4.341592e-01	2.560983e-01	4.780210e-01	5.146499e-01	4.861093e-01	4.054506e-01	4.461083e-01	5.225271e-01	4.386153e-01	4.748638e-01	4.862804e-01	4.875564e-01	4.218130e-01	2.235401e-01	3.117811e-01	5.001141e-01	5.751511e-01	5.496254e-01	4.650767e-01	4.561779e-01	3.618282e-01	4.512848e-01	4.927131e-01	4.583423e-01	4.119265e-01	4.044325e-01	3.770542e-01	4.880329e-01	4.591511e-01	5.357242e-01	4.055859e-01	4.517008e-01	4.227003e-01	5.709976e-01	5.972032e-01	5.818569e-02	1.636222e-01	4.637592e-01	4.715737e-01	1.799715e-01	1.926751e-02	2.192022e-01	3.532007e-01	2.836270e-01	1.516936e-01	1.702182e-01	1.739920e-01	2.282983e-01	
2.759637e-01	2.753595e-01	3.994864e-01	2.064598e-01	3.230196e-01	3.419950e-01	3.438069e-01	4.145735e-01	4.083421e-01	2.297779e-01	3.882887e-01	3.531998e-01	4.148860e-01	5.498224e-01	3.645540e-01	3.427456e-01	2.216033e-01	4.487548e-01	3.972921e-01	3.335703e-01	4.178553e-01	3.310938e-01	2.035484e-01	3.786291e-01	3.481859e-01	4.079050e-01	1.798718e-01	2.113254e-01	3.842785e-01	3.774306e-01	2.786935e-01	3.339172e-01	2.000806e-01	4.405485e-01	3.539705e-01	4.505507e-01	4.140524e-01	2.236214e-01	3.478378e-01	4.065203e-01	3.547329e-01	3.712325e-01	3.629027e-01	4.348444e-01	3.622022e-01	3.267988e-01	3.770326e-01	3.336812e-01	3.992315e-01	4.556678e-01	3.933549e-01	4.119736e-01	3.581377e-01	4.273287e-01	4.114419e-01	3.851034e-01	3.219466e-01	3.504491e-01	3.198091e-01	3.911584e-01	3.475918e-01	3.490841e-01	4.229176e-01	4.211402e-01	4.150497e-01	4.022063e-01	3.567699e-01	3.714686e-01	3.604402e-01	3.661440e-01	4.427905e-01	3.848201e-01	3.899419e-01	2.481553e-01	3.942068e-01	4.067020e-01	1.832322e-01	4.158676e-01	3.827867e-01	2.275734e-01	4.009542e-01	4.164571e-01	4.163162e-01	4.223644e-01	4.194423e-01	3.224817e-01	3.742748e-01	3.271181e-01	1.872125e-01	3.745426e-01	4.093477e-01	4.060978e-01	2.978028e-01	3.090398e-01	4.514838e-01	3.479887e-01	3.987394e-01	3.305110e-01	3.484901e-01	3.119256e-01	1.818982e-01	2.585067e-01	4.478759e-01	4.062565e-01	3.840052e-01	3.775028e-01	3.781951e-01	3.079169e-01	3.407507e-01	4.042527e-01	3.678387e-01	3.616611e-01	3.075824e-01	2.731078e-01	3.444615e-01	3.722573e-01	4.436007e-01	3.281867e-01	3.596361e-01	3.311600e-01	4.662445e-01	4.125622e-01	3.747828e-02	1.431024e-01	3.461636e-01	3.716690e-01	1.328791e-01	2.733139e-02	1.523199e-01	2.398980e-01	2.072463e-01	1.182234e-01	1.300994e-01	1.515512e-01	1.730442e-01	
3.954684e-01	3.190631e-01	5.973891e-01	2.315779e-01	4.674025e-01	4.859331e-01	4.475923e-01	6.359793e-01	4.433785e-01	2.894912e-01	6.584488e-01	3.872033e-01	4.919471e-01	3.645540e-01	7.008519e-01	4.050313e-01	3.148562e-01	4.566796e-01	6.310994e-01	4.710650e-01	4.396768e-01	5.645337e-01	2.843567e-01	4.880735e-01	4.274370e-01	5.487561e-01	2.219341e-01	2.663000e-01	4.212768e-01	4.376926e-01	4.026805e-01	3.896303e-01	2.648724e-01	4.904481e-01	3.941924e-01	6.859204e-01	6.986340e-01	3.209757e-01	4.505189e-01	5.832038e-01	4.337853e-01	5.774986e-01	5.568863e-01	5.174957e-01	3.812400e-01	4.457512e-01	4.808546e-01	4.460940e-01	4.320725e-01	5.047308e-01	6.045079e-01	6.436739e-01	5.833150e-01	4.675839e-01	4.595874e-01	4.313714e-01	3.770675e-01	6.170373e-01	4.187693e-01	4.111084e-01	4.202149e-01	5.535806e-01	4.295409e-01	4.381311e-01	4.460849e-01	4.094290e-01	4.562000e-01	5.110147e-01	6.300482e-01	4.122285e-01	4.544124e-01	5.535933e-01	6.386575e-01	3.523232e-01	6.315124e-01	3.850018e-01	2.699036e-01	4.118410e-01	3.995088e-01	3.303454e-01	4.158406e-01	6.923552e-01	7.201550e-01	4.944587e-01	5.182772e-01	3.721709e-01	4.228812e-01	3.945578e-01	2.474514e-01	5.196931e-01	5.621818e-01	5.416516e-01	3.777105e-01	4.690653e-01	4.668515e-01	4.521630e-01	4.366733e-01	5.163614e-01	5.309579e-01	3.726373e-01	2.153928e-01	2.978390e-01	4.617124e-01	6.135903e-01	5.605677e-01	4.401101e-01	4.018056e-01	3.196042e-01	4.488636e-01	4.744019e-01	5.059144e-01	3.934361e-01	4.686087e-01	3.637040e-01	5.220603e-01	4.045800e-01	4.886254e-01	3.589741e-01	4.098889e-01	3.671169e-01	5.065374e-01	6.572958e-01	6.454087e-02	1.653220e-01	5.223875e-01	5.273669e-01	1.805122e-01	5.987378e-02	2.160153e-01	3.832036e-01	2.942318e-01	1.567430e-01	1.808077e-01	1.594823e-01	2.177276e-01	
3.485968e-01	3.279647e-01	4.896396e-01	2.214990e-01	3.633203e-01	3.844244e-01	3.644185e-01	5.197323e-01	3.985395e-01	2.831774e-01	4.927027e-01	3.552931e-01	4.490055e-01	3.427456e-01	4.050313e-01	5.605743e-01	3.113789e-01	4.065310e-01	4.992679e-01	3.945012e-01	3.849864e-01	4.526218e-01	2.784117e-01	4.025829e-01	4.095484e-01	4.235098e-01	2.491661e-01	2.898637e-01	3.541051e-01	3.908676e-01	3.308242e-01	3.832757e-01	2.724695e-01	4.731979e-01	3.244774e-01	5.238746e-01	5.378004e-01	2.885497e-01	3.744884e-01	4.709078e-01	3.839469e-01	4.524752e-01	4.366342e-01	4.207409e-01	3.329224e-01	3.491859e-01	4.034022e-01	3.379175e-01	4.269057e-01	4.603154e-01	4.634718e-01	5.201062e-01	4.626462e-01	4.247385e-01	3.841818e-01	3.781277e-01	3.332864e-01	4.682434e-01	4.007645e-01	3.846065e-01	4.258593e-01	4.210163e-01	3.935258e-01	3.917336e-01	4.427712e-01	3.504196e-01	3.844734e-01	4.037802e-01	4.899414e-01	3.596095e-01	4.118358e-01	4.467143e-01	4.795433e-01	3.189439e-01	4.740749e-01	3.723728e-01	2.776708e-01	3.725483e-01	3.780092e-01	3.185484e-01	3.966363e-01	5.382475e-01	5.376446e-01	4.211388e-01	4.199429e-01	3.227902e-01	3.804036e-01	3.992201e-01	2.673587e-01	4.028025e-01	4.255439e-01	4.156127e-01	3.709566e-01	3.732911e-01	4.292721e-01	3.706480e-01	3.813921e-01	4.150272e-01	4.127333e-01	3.826660e-01	1.917427e-01	2.478911e-01	4.061243e-01	4.799216e-01	4.446720e-01	4.062223e-01	3.694462e-01	2.844730e-01	3.936436e-01	4.179711e-01	4.047392e-01	3.423325e-01	3.350981e-01	3.416584e-01	4.297510e-01	3.689638e-01	4.745411e-01	3.451164e-01	4.099947e-01	3.746431e-01	4.657675e-01	5.347906e-01	4.658189e-02	1.554878e-01	4.022288e-01	3.968799e-01	1.648867e-01	1.754333e-02	1.994019e-01	3.015730e-01	2.552840e-01	1.207572e-01	1.500783e-01	1.451438e-01	1.923288e-01	
2.802120e-01	2.885379e-01	3.913482e-01	1.651833e-01	2.928222e-01	3.020995e-01	2.732043e-01	4.238987e-01	2.922481e-01	2.309460e-01	4.178088e-01	2.764132e-01	3.516417e-01	2.216033e-01	3.148562e-01	3.113789e-01	4.560867e-01	2.734239e-01	4.142217e-01	3.209063e-01	2.602280e-01	3.724760e-01	2.307218e-01	3.054454e-01	3.287978e-01	3.215093e-01	2.153603e-01	2.647056e-01	2.577244e-01	2.930217e-01	2.657572e-01	2.994015e-01	2.445137e-01	3.577975e-01	2.123559e-01	4.339987e-01	4.441806e-01	2.669816e-01	2.892774e-01	3.578169e-01	2.809518e-01	3.757626e-01	3.526296e-01	3.133336e-01	2.242515e-01	2.742570e-01	3.190167e-01	2.640593e-01	3.128233e-01	3.274678e-01	3.626115e-01	4.184596e-01	3.807331e-01	3.096751e-01	2.709445e-01	2.671086e-01	2.448309e-01	4.119686e-01	3.365817e-01	2.713829e-01	3.444285e-01	3.485997e-01	2.829207e-01	2.767184e-01	3.433247e-01	2.413333e-01	2.704004e-01	3.340254e-01	4.169976e-01	2.513219e-01	2.780870e-01	3.580700e-01	3.943916e-01	2.504025e-01	3.952933e-01	2.271848e-01	2.494645e-01	2.510538e-01	2.508331e-01	3.133953e-01	2.841224e-01	4.644896e-01	4.440329e-01	3.083112e-01	3.396086e-01	2.497354e-01	2.910477e-01	3.192440e-01	2.468375e-01	3.203910e-01	3.505866e-01	3.212042e-01	3.056866e-01	3.224664e-01	2.952289e-01	2.969383e-01	2.758949e-01	3.464060e-01	3.289555e-01	2.971748e-01	1.538494e-01	1.754658e-01	2.810603e-01	3.856915e-01	3.580973e-01	3.144731e-01	2.579520e-01	2.055916e-01	2.855110e-01	3.047770e-01	3.336041e-01	2.226435e-01	2.630920e-01	2.843042e-01	3.386025e-01	2.712664e-01	3.515880e-01	2.612584e-01	3.020372e-01	2.879983e-01	3.525980e-01	4.352712e-01	5.779923e-02	1.192018e-01	3.214057e-01	3.206920e-01	1.224865e-01	2.049689e-02	1.542100e-01	2.529285e-01	2.268376e-01	1.071450e-01	1.270725e-01	1.322882e-01	1.563347e-01	
3.487082e-01	3.343016e-01	4.956389e-01	2.387599e-01	3.921246e-01	4.091687e-01	4.221543e-01	4.934762e-01	5.120882e-01	2.703483e-01	4.702173e-01	4.293478e-01	5.171135e-01	4.487548e-01	4.566796e-01	4.065310e-01	2.734239e-01	7.488651e-01	4.750408e-01	3.924592e-01	5.145749e-01	3.950558e-01	2.445225e-01	4.863990e-01	4.281072e-01	4.836533e-01	2.033045e-01	2.405848e-01	4.994818e-01	4.873660e-01	3.467783e-01	3.951096e-01	2.323542e-01	5.485491e-01	4.363249e-01	5.565236e-01	4.882168e-01	2.729224e-01	4.208555e-01	5.097901e-01	4.382312e-01	4.685697e-01	4.432566e-01	5.319200e-01	4.343758e-01	4.237496e-01	4.544485e-01	4.221605e-01	5.043173e-01	5.466686e-01	4.867333e-01	5.142081e-01	4.410507e-01	5.337318e-01	5.074068e-01	4.943846e-01	3.960448e-01	4.378556e-01	3.796478e-01	4.913661e-01	4.194087e-01	4.378814e-01	5.214148e-01	5.155119e-01	5.038104e-01	4.891082e-01	4.614572e-01	4.789441e-01	4.489573e-01	4.534805e-01	5.384509e-01	4.891555e-01	4.788245e-01	3.019656e-01	5.067199e-01	4.850162e-01	2.090921e-01	5.143669e-01	4.749528e-01	2.683910e-01	4.852084e-01	5.110797e-01	5.408362e-01	5.124269e-01	4.851602e-01	4.026496e-01	4.696990e-01	4.002982e-01	2.222648e-01	4.787009e-01	5.056174e-01	4.849097e-01	3.719152e-01	3.795708e-01	5.708501e-01	4.222380e-01	4.930571e-01	4.102571e-01	4.367003e-01	3.781078e-01	2.068267e-01	3.108617e-01	5.582373e-01	5.129493e-01	4.953438e-01	4.647389e-01	4.517756e-01	3.994213e-01	4.404977e-01	5.058852e-01	4.495980e-01	4.480955e-01	3.720746e-01	3.337147e-01	4.374343e-01	4.307763e-01	5.293158e-01	4.075283e-01	4.320037e-01	4.128651e-01	5.803242e-01	5.010166e-01	4.026676e-02	1.474393e-01	4.413636e-01	4.609699e-01	1.581202e-01	2.085643e-02	1.800984e-01	3.040830e-01	2.582015e-01	1.406573e-01	1.324072e-01	1.727828e-01	2.087038e-01	
5.144528e-01	3.947873e-01	7.643244e-01	3.003006e-01	6.392301e-01	6.688615e-01	5.967785e-01	9.107394e-01	5.039604e-01	3.818552e-01	9.410529e-01	4.240667e-01	5.727671e-01	3.972921e-01	6.310994e-01	4.992679e-01	4.142217e-01	4.750408e-01	1.079291e+00	5.948448e-01	4.852622e-01	8.128927e-01	3.637740e-01	5.623492e-01	5.330669e-01	6.458710e-01	2.968195e-01	3.916066e-01	4.806790e-01	5.220800e-01	5.176888e-01	4.643884e-01	3.521121e-01	5.560661e-01	4.205024e-01	8.870508e-01	9.888333e-01	4.080028e-01	5.463905e-01	7.219302e-01	5.096906e-01	7.375911e-01	7.461088e-01	6.226124e-01	4.234898e-01	5.392034e-01	6.282661e-01	5.968199e-01	5.048124e-01	5.962774e-01	7.508125e-01	8.341859e-01	8.428509e-01	5.375933e-01	5.172850e-01	4.609591e-01	4.341198e-01	8.975880e-01	5.114548e-01	4.766714e-01	5.306702e-01	7.352539e-01	4.700676e-01	4.901522e-01	5.390553e-01	4.343261e-01	5.375835e-01	5.878303e-01	9.156904e-01	4.630160e-01	4.940834e-01	6.767170e-01	8.394889e-01	5.098880e-01	8.040006e-01	3.857600e-01	3.808007e-01	4.338097e-01	4.267886e-01	4.387243e-01	4.601723e-01	1.005820e+00	1.027320e+00	5.632809e-01	6.854815e-01	3.926432e-01	4.743193e-01	4.954638e-01	3.439970e-01	6.711508e-01	7.268316e-01	7.160058e-01	4.806593e-01	6.222780e-01	4.978796e-01	6.275909e-01	5.128107e-01	6.876093e-01	6.476191e-01	4.586230e-01	2.612601e-01	3.689597e-01	4.795134e-01	7.541366e-01	7.106091e-01	5.061258e-01	4.247762e-01	3.486467e-01	5.305869e-01	5.716325e-01	6.802112e-01	4.459764e-01	6.109080e-01	4.364106e-01	6.432051e-01	4.730676e-01	5.458937e-01	4.132993e-01	4.972459e-01	4.020216e-01	5.783530e-01	9.445751e-01	8.530548e-02	1.807757e-01	6.717150e-01	7.228726e-01	1.926292e-01	5.000304e-02	2.604189e-01	4.912853e-01	3.274610e-01	1.560605e-01	2.017281e-01	1.655306e-01	2.344809e-01	
3.834852e-01	3.292910e-01	5.503080e-01	2.283125e-01	4.238309e-01	4.344952e-01	4.041730e-01	6.071191e-01	4.076166e-01	2.989310e-01	6.009624e-01	3.580239e-01	4.572021e-01	3.335703e-01	4.710650e-01	3.945012e-01	3.209063e-01	3.924592e-01	5.948448e-01	6.155282e-01	3.873175e-01	5.238906e-01	2.939519e-01	4.389899e-01	4.183630e-01	4.902484e-01	2.591397e-01	2.772806e-01	3.611196e-01	4.005378e-01	3.796246e-01	3.907347e-01	2.819409e-01	4.619883e-01	3.357489e-01	6.090250e-01	6.367629e-01	3.158631e-01	4.024823e-01	5.238887e-01	4.148522e-01	5.268040e-01	5.155145e-01	4.537403e-01	3.410249e-01	3.866259e-01	4.314135e-01	3.949898e-01	4.174671e-01	4.718995e-01	5.357556e-01	6.029277e-01	5.442415e-01	4.231533e-01	3.973900e-01	3.797121e-01	3.427738e-01	5.810688e-01	4.077771e-01	3.721862e-01	4.215450e-01	5.004593e-01	3.989931e-01	3.876003e-01	4.521503e-01	3.565560e-01	4.101193e-01	4.685471e-01	5.845502e-01	3.559275e-01	4.052446e-01	5.069452e-01	5.823019e-01	3.474845e-01	5.653797e-01	3.407691e-01	2.902430e-01	3.744153e-01	3.705289e-01	3.359536e-01	3.872368e-01	6.417818e-01	6.555233e-01	4.469266e-01	4.822945e-01	3.276042e-01	3.821655e-01	4.018675e-01	2.617243e-01	4.607318e-01	4.909716e-01	4.816305e-01	3.766055e-01	4.345300e-01	4.278769e-01	4.103073e-01	3.894676e-01	4.851560e-01	4.612109e-01	3.810290e-01	1.950128e-01	2.748707e-01	4.079047e-01	5.463943e-01	5.120370e-01	4.146434e-01	3.600448e-01	2.889559e-01	4.092791e-01	4.385348e-01	4.559019e-01	3.351210e-01	3.953183e-01	3.591725e-01	4.715996e-01	3.799594e-01	4.608234e-01	3.499866e-01	3.980727e-01	3.664006e-01	4.669306e-01	6.157547e-01	5.803883e-02	1.543190e-01	4.616347e-01	4.774791e-01	1.739769e-01	1.820512e-02	2.007576e-01	3.434638e-01	2.863106e-01	1.281304e-01	1.779075e-01	1.482446e-01	1.974864e-01	
3.100964e-01	3.219149e-01	5.082155e-01	2.339615e-01	4.068430e-01	4.302315e-01	4.263927e-01	5.135789e-01	4.744269e-01	2.771888e-01	4.926001e-01	4.298291e-01	4.751673e-01	4.178553e-01	4.396768e-01	3.849864e-01	2.602280e-01	5.145749e-01	4.852622e-01	3.873175e-01	7.011190e-01	4.515211e-01	2.614382e-01	4.516222e-01	4.134948e-01	4.733560e-01	2.170502e-01	2.576672e-01	4.881088e-01	4.712237e-01	3.476480e-01	4.025112e-01	2.395403e-01	5.381162e-01	4.077573e-01	5.461580e-01	5.196596e-01	2.715098e-01	4.207974e-01	4.874325e-01	4.155457e-01	4.735580e-01	4.516766e-01	5.217145e-01	4.442414e-01	3.959074e-01	4.587088e-01	4.146191e-01	4.807329e-01	5.354769e-01	4.736990e-01	5.230213e-01	4.570981e-01	5.172601e-01	4.954100e-01	4.703406e-01	3.920474e-01	4.593294e-01	3.727220e-01	4.668338e-01	4.020249e-01	4.380210e-01	4.894365e-01	4.853563e-01	4.744645e-01	4.681182e-01	4.163717e-01	4.542255e-01	4.653041e-01	4.448650e-01	4.921374e-01	4.725308e-01	4.613452e-01	3.223432e-01	4.908460e-01	4.627521e-01	2.448625e-01	4.881507e-01	4.570320e-01	2.664751e-01	4.810896e-01	5.070188e-01	5.458465e-01	5.044348e-01	5.230031e-01	3.936108e-01	4.555367e-01	3.858980e-01	2.308218e-01	4.634472e-01	5.012058e-01	4.934723e-01	3.665855e-01	3.725291e-01	5.308836e-01	4.341018e-01	5.231500e-01	3.895446e-01	4.340961e-01	3.605166e-01	2.003414e-01	3.051895e-01	5.244988e-01	4.948208e-01	4.654073e-01	4.454814e-01	4.358451e-01	3.921479e-01	4.101518e-01	4.839388e-01	4.398516e-01	4.467699e-01	3.897323e-01	3.237308e-01	4.463007e-01	4.232322e-01	5.059776e-01	4.317848e-01	4.166242e-01	3.711840e-01	5.446825e-01	5.132619e-01	5.551876e-02	1.551643e-01	4.445494e-01	4.748124e-01	1.724662e-01	3.438626e-02	1.867639e-01	2.810936e-01	2.495575e-01	1.516995e-01	1.478225e-01	1.634935e-01	2.018769e-01	
4.607365e-01	3.718715e-01	7.048028e-01	2.913058e-01	5.979095e-01	6.069468e-01	5.522222e-01	8.396978e-01	4.395588e-01	3.662286e-01	8.611287e-01	3.946407e-01	4.868840e-01	3.310938e-01	5.645337e-01	4.526218e-01	3.724760e-01	3.950558e-01	8.128927e-01	5.238906e-01	4.515211e-01	9.288357e-01	3.605960e-01	4.942658e-01	4.827366e-01	5.657798e-01	2.980351e-01	3.694560e-01	4.181919e-01	4.621584e-01	4.515143e-01	4.304850e-01	3.281790e-01	5.155230e-01	3.672212e-01	8.125905e-01	9.139766e-01	3.800335e-01	4.865440e-01	6.338838e-01	4.457021e-01	6.495354e-01	6.648695e-01	5.454867e-01	3.767302e-01	4.787307e-01	5.821888e-01	5.459378e-01	4.540433e-01	5.409366e-01	6.557000e-01	7.423123e-01	7.716216e-01	4.781954e-01	4.605682e-01	4.064688e-01	3.788543e-01	8.310634e-01	4.744412e-01	4.110050e-01	4.886637e-01	6.526373e-01	4.192662e-01	4.336857e-01	4.627193e-01	3.850938e-01	4.676597e-01	5.199396e-01	8.315871e-01	4.052784e-01	4.351877e-01	5.860312e-01	7.398302e-01	4.513962e-01	7.256466e-01	3.374684e-01	3.760012e-01	3.866323e-01	3.958607e-01	4.310342e-01	4.160172e-01	8.961046e-01	9.278567e-01	5.088654e-01	6.188915e-01	3.513912e-01	4.134666e-01	4.500788e-01	3.302010e-01	5.994030e-01	6.653633e-01	6.413297e-01	4.388763e-01	5.333116e-01	4.399328e-01	5.658951e-01	4.490278e-01	6.130573e-01	5.710626e-01	4.199990e-01	2.267291e-01	3.244255e-01	4.232470e-01	6.906529e-01	6.119475e-01	4.547493e-01	3.939385e-01	3.110152e-01	4.577125e-01	5.056563e-01	6.094960e-01	4.102704e-01	5.659209e-01	4.041317e-01	5.901736e-01	4.159734e-01	5.017259e-01	3.994597e-01	4.649308e-01	3.779436e-01	5.180511e-01	8.541891e-01	1.028565e-01	1.833580e-01	6.100323e-01	6.523565e-01	1.909351e-01	6.526877e-02	2.442066e-01	4.398693e-01	3.122529e-01	1.555391e-01	1.838718e-01	1.603446e-01	2.317359e-01	
