6.065201e-01	3.391873e-01	4.945522e-01	2.379776e-01	4.082863e-01	4.485531e-01	4.835362e-01	6.078339e-01	3.586542e-01	2.698011e-01	5.731376e-01	3.335888e-01	3.690840e-01	3.446065e-01	4.654803e-01	3.686948e-01	3.077244e-01	3.654227e-01	6.042750e-01	4.176810e-01	3.856226e-01	6.086695e-01	3.074042e-01	4.096340e-01	4.171098e-01	4.918246e-01	3.131349e-01	3.255433e-01	3.666867e-01	4.479230e-01	3.463286e-01	2.996219e-01	3.982429e-01	3.813197e-01	5.382661e-01	5.617641e-01	3.854183e-01	4.112580e-01	5.350040e-01	4.003270e-01	5.192613e-01	4.655612e-01	3.886839e-01	4.054667e-01	4.376633e-01	4.375950e-01	3.791221e-01	3.550407e-01	4.171910e-01	5.797200e-01	5.262093e-01	5.226498e-01	3.738017e-01	3.746345e-01	3.997149e-01	3.658455e-01	5.770216e-01	3.824006e-01	3.327050e-01	3.673545e-01	4.519707e-01	4.176656e-01	3.609740e-01	3.709784e-01	3.849247e-01	4.157460e-01	4.254753e-01	5.664492e-01	3.509330e-01	4.088805e-01	5.382288e-01	5.409629e-01	3.970900e-01	5.849372e-01	3.327724e-01	3.355156e-01	3.388166e-01	4.059899e-01	2.900854e-01	4.059553e-01	6.402277e-01	6.349103e-01	3.883589e-01	4.766253e-01	3.635584e-01	3.895878e-01	4.034378e-01	3.420165e-01	5.000957e-01	4.979909e-01	5.003543e-01	3.805426e-01	4.440811e-01	3.595231e-01	3.954168e-01	4.080348e-01	5.235807e-01	4.661109e-01	3.815540e-01	2.391816e-01	2.891273e-01	4.032545e-01	5.499832e-01	4.334065e-01	3.567573e-01	4.229170e-01	3.342904e-01	4.324244e-01	4.064416e-01	4.274970e-01	3.359846e-01	4.026797e-01	3.405658e-01	5.125349e-01	3.535873e-01	4.664932e-01	3.646937e-01	4.855419e-01	3.998483e-01	4.374732e-01	5.597188e-01	2.448023e-02	1.395896e-01	4.715656e-01	4.432780e-01	1.630284e-01	5.795200e-02	1.894784e-01	3.088570e-01	2.559537e-01	1.786551e-01	1.546417e-01	1.850525e-01	2.054727e-01	
3.391873e-01	4.773628e-01	3.882234e-01	2.179905e-01	3.428569e-01	3.690296e-01	3.683563e-01	4.768892e-01	2.967650e-01	2.213009e-01	4.129560e-01	2.635744e-01	2.906354e-01	2.573853e-01	3.445184e-01	3.087097e-01	2.738398e-01	2.829694e-01	4.542876e-01	3.145150e-01	3.150236e-01	4.541006e-01	2.659673e-01	2.941112e-01	3.573465e-01	3.569136e-01	2.935109e-01	3.100291e-01	2.997105e-01	3.416248e-01	3.006491e-01	2.678291e-01	3.264096e-01	2.889810e-01	4.074250e-01	4.367661e-01	3.295113e-01	3.243079e-01	3.774372e-01	3.104958e-01	3.878105e-01	3.581811e-01	3.105134e-01	2.915650e-01	3.206152e-01	3.350208e-01	3.069932e-01	2.839473e-01	3.466375e-01	4.088302e-01	3.966600e-01	4.023217e-01	3.139786e-01	2.905519e-01	3.086936e-01	2.867244e-01	4.390365e-01	3.124954e-01	2.707775e-01	3.411969e-01	3.227135e-01	3.126873e-01	2.806435e-01	3.181497e-01	3.100358e-01	3.225211e-01	3.217504e-01	4.290261e-01	2.708518e-01	3.269555e-01	3.905787e-01	3.916185e-01	2.823222e-01	4.326529e-01	2.785646e-01	2.958072e-01	2.766162e-01	3.148712e-01	2.692435e-01	3.020084e-01	4.964471e-01	4.744942e-01	3.082930e-01	3.957925e-01	2.950915e-01	3.073219e-01	3.497867e-01	3.071446e-01	3.930366e-01	3.916788e-01	3.834263e-01	3.359254e-01	3.225584e-01	2.864451e-01	3.291016e-01	3.432249e-01	3.856935e-01	3.427149e-01	3.237321e-01	1.961492e-01	2.320664e-01	3.183389e-01	4.048483e-01	3.065047e-01	3.096015e-01	3.217276e-01	2.730085e-01	3.062884e-01	3.266203e-01	3.340977e-01	2.535287e-01	3.207325e-01	2.881712e-01	3.793625e-01	2.816324e-01	3.833958e-01	3.197586e-01	4.175938e-01	3.372357e-01	3.311644e-01	4.235224e-01	3.531431e-02	1.147835e-01	3.505954e-01	3.600076e-01	1.526402e-01	6.462206e-02	1.629178e-01	2.284085e-01	2.265023e-01	1.281196e-01	1.197225e-01	1.579537e-01	1.670803e-01	
4.945522e-01	3.882234e-01	8.429080e-01	2.670899e-01	5.265809e-01	6.005951e-01	6.549994e-01	7.879945e-01	4.702314e-01	3.226449e-01	7.442737e-01	4.580498e-01	4.787730e-01	4.654807e-01	6.344895e-01	4.683535e-01	3.446471e-01	4.833098e-01	7.674974e-01	5.246262e-01	5.289207e-01	7.733384e-01	3.472556e-01	5.250671e-01	5.032441e-01	6.543316e-01	3.313476e-01	3.377310e-01	4.711400e-01	5.621871e-01	4.181029e-01	3.464499e-01	4.934601e-01	5.228961e-01	6.989497e-01	7.094017e-01	4.479412e-01	5.347900e-01	7.068450e-01	5.348741e-01	7.090284e-01	6.152083e-01	5.206039e-01	5.681649e-01	5.604295e-01	5.816166e-01	5.197586e-01	4.461714e-01	5.222615e-01	7.472812e-01	6.733488e-01	6.726016e-01	4.964803e-01	5.113888e-01	5.569511e-01	4.883569e-01	7.494987e-01	4.471093e-01	4.437428e-01	4.441301e-01	6.015889e-01	5.309493e-01	5.008149e-01	4.714909e-01	5.047783e-01	5.648603e-01	5.856767e-01	6.993233e-01	4.813495e-01	5.278681e-01	7.008442e-01	7.130518e-01	4.654910e-01	7.574424e-01	4.417584e-01	3.375978e-01	4.564475e-01	5.194634e-01	2.962097e-01	5.266397e-01	8.403899e-01	8.320972e-01	5.163159e-01	6.297640e-01	4.584451e-01	4.882858e-01	4.842203e-01	3.559577e-01	6.444353e-01	7.000740e-01	6.649462e-01	4.589940e-01	5.927046e-01	4.790560e-01	5.196447e-01	5.612927e-01	6.716554e-01	6.056310e-01	4.442076e-01	2.907011e-01	3.800856e-01	5.507390e-01	7.128971e-01	5.872878e-01	4.792012e-01	5.154350e-01	4.529374e-01	5.466451e-01	5.275571e-01	5.641236e-01	4.197556e-01	5.403076e-01	3.934811e-01	6.640296e-01	4.663136e-01	5.996006e-01	4.976793e-01	6.313038e-01	4.685329e-01	5.795593e-01	7.160055e-01	1.795409e-02	1.543385e-01	6.437337e-01	5.651136e-01	1.896223e-01	4.483081e-02	1.905548e-01	3.804408e-01	2.755751e-01	1.913908e-01	1.562201e-01	1.722037e-01	2.200769e-01	
2.379776e-01	2.179905e-01	2.670899e-01	3.385891e-01	2.507225e-01	2.738840e-01	2.689712e-01	3.364064e-01	2.284856e-01	1.829763e-01	3.013819e-01	2.089553e-01	2.334214e-01	2.113683e-01	2.578641e-01	2.489017e-01	1.917126e-01	2.340216e-01	3.161191e-01	2.344697e-01	2.492963e-01	3.210033e-01	1.884828e-01	2.359662e-01	2.643617e-01	2.572363e-01	2.009115e-01	2.135501e-01	2.482553e-01	2.536799e-01	2.237547e-01	1.888266e-01	2.535128e-01	2.130578e-01	3.071734e-01	2.896399e-01	2.313611e-01	2.356348e-01	2.824094e-01	2.330126e-01	2.738231e-01	2.587080e-01	2.296976e-01	2.378270e-01	2.483637e-01	2.629950e-01	2.333134e-01	2.260275e-01	2.636347e-01	2.948406e-01	2.937079e-01	2.945638e-01	2.546093e-01	2.431809e-01	2.636381e-01	2.230085e-01	3.041032e-01	2.368636e-01	2.068968e-01	2.493946e-01	2.260690e-01	2.642213e-01	2.137503e-01	2.586101e-01	2.475515e-01	2.291219e-01	2.323573e-01	2.964442e-01	2.172939e-01	2.609262e-01	2.856962e-01	2.733279e-01	2.104333e-01	3.125472e-01	2.282472e-01	2.098694e-01	2.191677e-01	2.467186e-01	1.794905e-01	2.434623e-01	3.239033e-01	3.319542e-01	2.547714e-01	2.873406e-01	2.351530e-01	2.522681e-01	2.562889e-01	2.256015e-01	2.982585e-01	2.959502e-01	2.856757e-01	2.415079e-01	2.410712e-01	2.444818e-01	2.468806e-01	2.677541e-01	2.740734e-01	2.611653e-01	2.373518e-01	1.513043e-01	1.840528e-01	2.678105e-01	2.730068e-01	2.399708e-01	2.429588e-01	2.413178e-01	2.329368e-01	2.315038e-01	2.486800e-01	2.516107e-01	2.137905e-01	2.386853e-01	2.013680e-01	2.787924e-01	2.264643e-01	3.158025e-01	2.481267e-01	3.142072e-01	2.593760e-01	2.908718e-01	2.930758e-01	3.637558e-02	8.432946e-02	2.467872e-01	2.794297e-01	1.011241e-01	5.011772e-02	1.104830e-01	1.659006e-01	1.653460e-01	9.674420e-02	9.228111e-02	1.292585e-01	1.187670e-01	
4.082863e-01	3.428569e-01	5.265809e-01	2.507225e-01	7.106179e-01	5.848675e-01	6.279785e-01	6.596520e-01	3.752259e-01	2.833882e-01	6.244115e-01	3.852017e-01	3.968793e-01	4.111741e-01	4.822990e-01	4.088587e-01	2.864969e-01	4.457917e-01	6.395482e-01	4.056482e-01	4.714605e-01	6.377099e-01	2.986816e-01	4.281168e-01	4.317861e-01	5.309577e-01	3.099287e-01	3.109638e-01	4.507686e-01	4.768933e-01	3.600385e-01	2.875128e-01	4.359462e-01	4.284426e-01	5.716382e-01	5.987299e-01	3.604397e-01	4.492056e-01	5.218773e-01	4.033262e-01	5.637919e-01	5.027586e-01	4.877254e-01	4.981910e-01	5.314203e-01	5.530121e-01	5.134748e-01	3.989332e-01	4.586134e-01	5.809174e-01	5.378987e-01	5.679718e-01	4.622418e-01	4.327240e-01	4.831214e-01	3.858887e-01	6.050862e-01	3.753120e-01	3.977756e-01	3.817615e-01	4.833115e-01	4.811156e-01	4.331915e-01	4.013596e-01	4.678104e-01	4.553914e-01	4.667337e-01	5.839529e-01	4.274027e-01	4.563235e-01	5.125414e-01	5.825463e-01	3.874365e-01	6.116311e-01	4.204571e-01	3.120253e-01	4.240902e-01	4.469247e-01	2.753884e-01	4.568569e-01	6.854845e-01	6.848248e-01	4.425287e-01	6.347649e-01	4.026441e-01	4.250755e-01	4.069249e-01	3.298282e-01	5.852681e-01	6.606806e-01	6.289709e-01	3.809471e-01	4.684668e-01	4.550357e-01	5.294690e-01	4.955310e-01	5.212335e-01	4.795157e-01	3.669281e-01	2.509157e-01	3.347629e-01	4.912908e-01	5.496732e-01	4.495476e-01	3.884972e-01	4.218148e-01	3.930155e-01	4.219231e-01	4.518409e-01	5.399007e-01	3.982564e-01	5.229401e-01	3.213190e-01	4.912547e-01	3.902925e-01	5.037186e-01	4.570105e-01	5.322134e-01	4.094039e-01	5.012665e-01	6.102385e-01	7.340473e-02	1.680674e-01	5.341507e-01	5.524418e-01	1.969669e-01	9.432378e-02	1.807544e-01	3.308620e-01	2.263633e-01	1.785729e-01	1.504309e-01	1.917532e-01	2.011898e-01	
4.485531e-01	3.690296e-01	6.005951e-01	2.738840e-01	5.848675e-01	8.416054e-01	7.134368e-01	7.734236e-01	4.221609e-01	3.186506e-01	7.233214e-01	4.099481e-01	4.503820e-01	4.565197e-01	5.447016e-01	4.328826e-01	3.244943e-01	4.657225e-01	7.306691e-01	4.674831e-01	5.340886e-01	7.439458e-01	3.287967e-01	4.763394e-01	4.928623e-01	6.177493e-01	3.349497e-01	3.377759e-01	4.752945e-01	5.248554e-01	3.849552e-01	3.309577e-01	4.728514e-01	4.850249e-01	6.568124e-01	7.027962e-01	3.860728e-01	5.265131e-01	6.090844e-01	4.576400e-01	6.528457e-01	5.983230e-01	5.185688e-01	5.563352e-01	5.901732e-01	6.256930e-01	5.613048e-01	4.260268e-01	5.051123e-01	6.731261e-01	6.082740e-01	6.595200e-01	4.851362e-01	4.776018e-01	5.277711e-01	4.389151e-01	7.305585e-01	4.216878e-01	4.379632e-01	4.175942e-01	5.795115e-01	5.189375e-01	4.684703e-01	4.215201e-01	4.927229e-01	5.208258e-01	5.205931e-01	6.719724e-01	4.828119e-01	5.104299e-01	6.136277e-01	6.715485e-01	4.240255e-01	7.070945e-01	4.480715e-01	3.319819e-01	4.625174e-01	4.951072e-01	2.934135e-01	5.057506e-01	8.131925e-01	7.985705e-01	4.887361e-01	6.866879e-01	4.257396e-01	4.564158e-01	4.473738e-01	3.613218e-01	6.632518e-01	7.581847e-01	7.020195e-01	4.235047e-01	5.535014e-01	4.676795e-01	5.932796e-01	5.752946e-01	5.978740e-01	5.498062e-01	4.016470e-01	2.833190e-01	3.716295e-01	5.264467e-01	6.453250e-01	5.310334e-01	4.328399e-01	4.678282e-01	4.326932e-01	4.776514e-01	4.884430e-01	6.051034e-01	4.417978e-01	6.240479e-01	3.538847e-01	5.809159e-01	4.250860e-01	5.516471e-01	5.002656e-01	5.892508e-01	4.565167e-01	5.558905e-01	7.148809e-01	7.979254e-02	1.386545e-01	6.153993e-01	5.990975e-01	1.776796e-01	7.419648e-02	1.777441e-01	3.845367e-01	2.409135e-01	1.641187e-01	1.565260e-01	1.679995e-01	1.943636e-01	
4.835362e-01	3.683563e-01	6.549994e-01	2.689712e-01	6.279785e-01	7.134368e-01	9.796968e-01	8.128441e-01	4.687027e-01	3.336873e-01	7.895900e-01	4.657211e-01	4.952710e-01	5.205099e-01	6.096294e-01	4.544290e-01	3.284461e-01	5.395454e-01	7.814368e-01	5.010228e-01	5.979814e-01	8.070026e-01	3.251670e-01	5.201368e-01	5.151415e-01	6.888948e-01	3.374235e-01	3.291931e-01	5.342199e-01	5.494479e-01	3.970553e-01	3.416264e-01	5.152959e-01	5.473988e-01	6.966239e-01	7.469293e-01	4.079627e-01	5.542869e-01	6.750845e-01	4.898312e-01	6.965656e-01	6.236209e-01	5.792919e-01	6.277918e-01	6.505089e-01	6.692482e-01	6.124838e-01	4.710778e-01	5.349484e-01	7.329080e-01	6.494344e-01	7.126846e-01	5.427625e-01	5.438737e-01	5.880797e-01	4.724875e-01	7.724710e-01	4.564520e-01	4.973014e-01	4.351546e-01	6.199177e-01	5.923055e-01	5.371729e-01	4.583159e-01	5.594448e-01	5.599946e-01	5.654887e-01	7.233063e-01	5.232520e-01	5.655443e-01	6.580207e-01	7.368079e-01	4.630597e-01	7.647033e-01	5.040190e-01	3.261574e-01	5.067728e-01	5.459778e-01	2.966377e-01	5.636578e-01	8.483222e-01	8.633153e-01	5.394002e-01	7.527093e-01	4.763984e-01	5.130925e-01	4.642028e-01	3.641371e-01	7.011337e-01	8.116189e-01	7.758192e-01	4.380806e-01	5.901450e-01	5.592886e-01	6.351010e-01	6.265792e-01	6.503238e-01	6.045906e-01	4.077197e-01	3.092957e-01	4.156159e-01	5.915724e-01	6.908872e-01	5.802326e-01	4.628816e-01	5.144362e-01	4.592920e-01	5.124458e-01	5.454803e-01	6.397752e-01	4.965570e-01	6.404166e-01	3.697830e-01	6.296593e-01	4.757519e-01	6.003183e-01	5.489073e-01	6.451365e-01	4.539727e-01	6.107976e-01	7.638350e-01	6.269346e-02	1.556692e-01	6.874501e-01	6.518359e-01	2.026790e-01	8.027332e-02	1.993302e-01	3.989911e-01	2.337957e-01	1.913425e-01	1.694601e-01	1.861389e-01	2.323635e-01	
6.078339e-01	4.768892e-01	7.879945e-01	3.364064e-01	6.596520e-01	7.734236e-01	8.128441e-01	1.150189e+00	5.146501e-01	3.774662e-01	9.291459e-01	4.907183e-01	5.360421e-01	5.100439e-01	6.963242e-01	5.361781e-01	4.342676e-01	5.362302e-01	9.512483e-01	6.043940e-01	5.850076e-01	9.719098e-01	4.314909e-01	6.063172e-01	5.955074e-01	7.527244e-01	4.183353e-01	4.487371e-01	5.383578e-01	6.508402e-01	4.742882e-01	4.324447e-01	5.722396e-01	5.687175e-01	8.384340e-01	8.975184e-01	5.270650e-01	6.225202e-01	8.037361e-01	5.858697e-01	8.213571e-01	7.350638e-01	5.917464e-01	6.316413e-01	7.096161e-01	7.106639e-01	6.441305e-01	5.219064e-01	6.065971e-01	8.577650e-01	8.205292e-01	8.432664e-01	5.608191e-01	5.502445e-01	5.985353e-01	5.338433e-01	9.576402e-01	5.356120e-01	5.121868e-01	5.305920e-01	7.243584e-01	5.920210e-01	5.415262e-01	5.190141e-01	5.431724e-01	6.335748e-01	6.602035e-01	8.723565e-01	5.271243e-01	6.139803e-01	8.086277e-01	8.516077e-01	5.607222e-01	9.052433e-01	4.840809e-01	4.432986e-01	4.908921e-01	5.799378e-01	3.797682e-01	6.117308e-01	1.048146e+00	1.014549e+00	5.731278e-01	7.983978e-01	5.092911e-01	5.490974e-01	5.698663e-01	4.653974e-01	7.691752e-01	8.432771e-01	8.132383e-01	5.502830e-01	6.915972e-01	5.291264e-01	6.608624e-01	6.147145e-01	7.989546e-01	6.942122e-01	5.312185e-01	3.496054e-01	4.333039e-01	6.075796e-01	8.516817e-01	6.745271e-01	5.061409e-01	5.905217e-01	4.944076e-01	5.998480e-01	5.887858e-01	6.988225e-01	4.794328e-01	7.140984e-01	4.760680e-01	7.703030e-01	5.097088e-01	6.641592e-01	5.653731e-01	7.311942e-01	5.565446e-01	6.475601e-01	9.217048e-01	6.897759e-02	1.945727e-01	7.483379e-01	7.001854e-01	2.497394e-01	8.991327e-02	2.467288e-01	4.702986e-01	3.406218e-01	2.250801e-01	2.067259e-01	2.205371e-01	2.771551e-01	
3.586542e-01	2.967650e-01	4.702314e-01	2.284856e-01	3.752259e-01	4.221609e-01	4.687027e-01	5.146501e-01	6.404121e-01	2.954659e-01	4.718214e-01	4.588007e-01	4.288511e-01	4.786923e-01	4.995779e-01	4.320123e-01	2.824855e-01	5.092785e-01	5.113390e-01	4.133570e-01	5.108219e-01	5.180520e-01	2.582213e-01	4.379807e-01	4.283019e-01	4.934540e-01	2.633268e-01	2.459773e-01	4.549606e-01	4.466010e-01	3.998019e-01	2.486406e-01	5.022786e-01	4.623555e-01	4.955377e-01	4.532643e-01	3.373705e-01	4.529093e-01	5.319674e-01	4.730220e-01	5.054253e-01	4.268529e-01	4.307688e-01	5.358343e-01	4.118147e-01	4.335107e-01	3.714960e-01	4.319819e-01	4.724384e-01	5.489717e-01	4.756572e-01	4.377852e-01	5.011994e-01	4.850364e-01	5.239739e-01	4.563449e-01	4.784819e-01	3.838546e-01	4.242694e-01	4.068161e-01	3.979330e-01	5.463746e-01	4.774391e-01	4.840784e-01	5.262636e-01	4.567328e-01	4.726721e-01	4.600123e-01	4.699814e-01	5.133643e-01	5.102845e-01	4.813164e-01	3.105541e-01	5.278028e-01	4.467238e-01	2.526679e-01	4.550066e-01	4.954994e-01	2.280457e-01	5.030869e-01	5.048440e-01	5.372825e-01	5.103379e-01	4.700319e-01	4.428196e-01	4.835307e-01	4.172490e-01	2.545831e-01	4.674356e-01	5.091771e-01	4.835479e-01	3.748625e-01	4.356615e-01	4.938327e-01	3.813617e-01	5.567674e-01	4.563076e-01	4.474665e-01	3.721919e-01	2.456011e-01	3.375160e-01	5.292040e-01	5.013769e-01	4.323385e-01	4.747134e-01	4.984616e-01	4.454969e-01	4.670876e-01	4.771193e-01	3.983089e-01	4.127262e-01	3.478015e-01	3.088709e-01	4.822233e-01	4.653677e-01	5.684404e-01	4.613680e-01	5.421522e-01	4.341103e-01	5.605464e-01	4.606705e-01	-8.446033e-03	1.605734e-01	4.819144e-01	4.395277e-01	1.679604e-01	2.191499e-02	1.898794e-01	2.741025e-01	2.277603e-01	1.688008e-01	1.158301e-01	1.799594e-01	2.046274e-01	
2.698011e-01	2.213009e-01	3.226449e-01	1.829763e-01	2.833882e-01	3.186506e-01	3.336873e-01	3.774662e-01	2.954659e-01	3.985320e-01	3.535246e-01	2.743049e-01	2.859105e-01	2.982572e-01	3.357245e-01	2.789814e-01	2.120108e-01	3.165448e-01	3.713502e-01	2.917021e-01	3.396405e-01	3.802641e-01	1.939268e-01	2.900080e-01	3.044293e-01	3.402986e-01	2.109646e-01	2.091721e-01	3.027067e-01	3.121990e-01	2.703844e-01	1.939972e-01	3.282438e-01	2.928904e-01	3.562210e-01	3.447440e-01	2.520410e-01	3.252845e-01	3.506870e-01	3.034345e-01	3.465799e-01	3.123937e-01	2.878590e-01	3.450380e-01	2.853618e-01	3.021961e-01	2.691217e-01	2.817355e-01	3.316088e-01	3.889850e-01	3.258578e-01	3.226664e-01	3.215827e-01	3.118352e-01	3.593441e-01	2.969943e-01	3.663399e-01	2.683233e-01	2.663475e-01	2.779989e-01	2.826525e-01	3.476286e-01	2.958853e-01	3.122212e-01	3.314237e-01	3.109331e-01	3.002005e-01	3.551913e-01	3.029257e-01	3.335119e-01	3.558409e-01	3.397078e-01	2.631191e-01	3.732316e-01	2.917677e-01	2.150395e-01	3.072768e-01	3.282442e-01	1.805944e-01	3.134883e-01	3.884465e-01	3.993147e-01	3.270144e-01	3.472057e-01	2.970741e-01	3.064397e-01	2.915124e-01	2.229322e-01	3.503047e-01	3.758274e-01	3.530421e-01	2.724697e-01	3.081847e-01	2.983786e-01	2.955333e-01	3.710570e-01	3.215748e-01	3.058800e-01	2.651404e-01	1.764524e-01	2.124335e-01	3.522178e-01	3.478100e-01	2.980849e-01	3.040465e-01	3.297555e-01	2.711812e-01	2.943213e-01	3.102352e-01	2.857934e-01	2.762988e-01	2.778078e-01	2.292215e-01	3.405593e-01	2.963172e-01	3.708226e-01	3.058830e-01	3.778636e-01	3.061360e-01	3.568047e-01	3.515282e-01	7.888515e-03	9.292819e-02	3.309533e-01	3.201677e-01	1.145263e-01	2.588963e-02	1.226523e-01	2.147151e-01	1.508932e-01	1.140008e-01	9.964278e-02	1.253693e-01	1.463446e-01	
5.731376e-01	4.129560e-01	7.442737e-01	3.013819e-01	6.244115e-01	7.233214e-01	7.895900e-01	9.291459e-01	4.718214e-01	3.535246e-01	1.072411e+00	4.447398e-01	5.243158e-01	4.788431e-01	6.711700e-01	4.789380e-01	3.718653e-01	5.092709e-01	9.119088e-01	5.771442e-01	5.575511e-01	9.274514e-01	3.735219e-01	5.774048e-01	5.336985e-01	7.407345e-01	3.459885e-01	3.760235e-01	5.234236e-01	6.093790e-01	4.365953e-01	3.736288e-01	5.209167e-01	5.507876e-01	7.986382e-01	8.388681e-01	4.608942e-01	5.889244e-01	7.857013e-01	5.575628e-01	8.074904e-01	7.090412e-01	5.611954e-01	6.187678e-01	6.697680e-01	6.632583e-01	6.065373e-01	4.867029e-01	5.617743e-01	8.453186e-01	7.632550e-01	8.003286e-01	5.283393e-01	5.390219e-01	5.843262e-01	5.200822e-01	9.026952e-01	4.953416e-01	4.646498e-01	4.680615e-01	7.094405e-01	5.542800e-01	5.278838e-01	4.660908e-01	5.414617e-01	6.041767e-01	6.213112e-01	8.210526e-01	5.178510e-01	5.822908e-01	7.839904e-01	8.223811e-01	5.276502e-01	8.539997e-01	4.622201e-01	3.583969e-01	4.837010e-01	5.622963e-01	3.084129e-01	5.756080e-01	1.002890e+00	9.714128e-01	5.541530e-01	7.448239e-01	4.860761e-01	5.242270e-01	5.242588e-01	3.858020e-01	7.389254e-01	8.152366e-01	7.774023e-01	4.704701e-01	6.617865e-01	5.089735e-01	6.304718e-01	5.971390e-01	7.770242e-01	6.891327e-01	4.774543e-01	3.251991e-01	4.267343e-01	5.711784e-01	8.153553e-01	6.561121e-01	4.801806e-01	5.413129e-01	4.721723e-01	5.823388e-01	5.608941e-01	6.700582e-01	4.850788e-01	6.844608e-01	4.241018e-01	7.221837e-01	4.821233e-01	6.172070e-01	5.328362e-01	6.659624e-01	4.849637e-01	6.195297e-01	8.699131e-01	5.991496e-02	1.801173e-01	7.387894e-01	6.546926e-01	2.048558e-01	6.339518e-02	2.244885e-01	4.328695e-01	2.998307e-01	2.095260e-01	2.048322e-01	1.937845e-01	2.622295e-01	
3.335888e-01	2.635744e-01	4.580498e-01	2.089553e-01	3.852017e-01	4.099481e-01	4.657211e-01	4.907183e-01	4.588007e-01	2.743049e-01	4.447398e-01	6.380253e-01	4.205600e-01	4.704232e-01	5.000476e-01	4.149733e-01	2.571844e-01	5.089582e-01	4.700976e-01	3.886085e-01	4.945047e-01	4.959811e-01	2.480688e-01	4.073519e-01	4.076809e-01	4.895668e-01	2.627730e-01	2.309146e-01	4.518000e-01	4.430967e-01	3.953910e-01	2.250559e-01	4.807297e-01	4.574919e-01	4.755780e-01	4.293269e-01	3.364018e-01	4.436254e-01	5.093023e-01	4.418625e-01	4.888139e-01	4.193314e-01	4.223339e-01	5.320682e-01	4.332908e-01	4.510940e-01	3.897625e-01	4.308660e-01	4.465612e-01	5.235624e-01	4.650721e-01	4.210390e-01	4.966921e-01	4.862549e-01	5.134744e-01	4.301841e-01	4.657795e-01	3.507614e-01	4.083705e-01	3.733865e-01	3.876002e-01	5.558634e-01	4.585936e-01	4.519746e-01	5.144039e-01	4.468687e-01	4.561501e-01	4.360762e-01	4.717916e-01	4.971185e-01	4.919018e-01	4.765063e-01	2.986695e-01	5.027391e-01	4.479647e-01	2.370960e-01	4.494969e-01	4.897135e-01	2.162099e-01	4.785575e-01	4.848847e-01	5.216648e-01	4.694326e-01	4.916368e-01	4.295524e-01	4.584055e-01	3.824175e-01	2.534465e-01	4.641310e-01	5.264562e-01	4.879059e-01	3.574201e-01	4.325311e-01	5.033608e-01	3.826956e-01	5.322389e-01	4.295433e-01	4.333411e-01	3.482870e-01	2.366954e-01	3.253256e-01	5.204571e-01	4.706341e-01	4.347329e-01	4.610726e-01	4.675082e-01	4.424541e-01	4.440135e-01	4.579239e-01	3.985511e-01	4.083303e-01	3.304395e-01	2.865382e-01	4.605877e-01	4.550680e-01	5.323812e-01	4.494402e-01	5.100583e-01	4.065361e-01	5.356455e-01	4.415935e-01	1.007523e-02	1.431726e-01	4.633405e-01	4.236418e-01	1.576974e-01	1.048418e-02	1.661229e-01	2.720905e-01	2.048645e-01	1.496915e-01	9.754635e-02	1.498711e-01	1.867857e-01	
3.690840e-01	2.906354e-01	4.787730e-01	2.334214e-01	3.968793e-01	4.503820e-01	4.952710e-01	5.360421e-01	4.288511e-01	2.859105e-01	5.243158e-01	4.205600e-01	5.911923e-01	4.436681e-01	4.975336e-01	3.918111e-01	2.744261e-01	4.812305e-01	5.443555e-01	4.071976e-01	4.903208e-01	5.467965e-01	2.727498e-01	4.270357e-01	4.204760e-01	5.070678e-01	2.615065e-01	2.512531e-01	4.433820e-01	4.475483e-01	3.741866e-01	2.521499e-01	4.710420e-01	4.476933e-01	5.111536e-01	4.889651e-01	3.354040e-01	4.429287e-01	5.309704e-01	4.560292e-01	5.089089e-01	4.447340e-01	4.271475e-01	5.057574e-01	4.327131e-01	4.499374e-01	3.922121e-01	4.096342e-01	4.384083e-01	5.529539e-01	4.909876e-01	4.773549e-01	4.629684e-01	4.673956e-01	5.100326e-01	4.184218e-01	5.289544e-01	3.682785e-01	3.972522e-01	3.806801e-01	4.196253e-01	5.034608e-01	4.477278e-01	4.446247e-01	4.813945e-01	4.418460e-01	4.679438e-01	4.916190e-01	4.381032e-01	4.817403e-01	5.244816e-01	5.005937e-01	3.278974e-01	5.485759e-01	4.271637e-01	2.630052e-01	4.321458e-01	4.761900e-01	2.217418e-01	4.744357e-01	5.642344e-01	5.861645e-01	4.659697e-01	4.931146e-01	4.134886e-01	4.542020e-01	4.046262e-01	2.669670e-01	4.907125e-01	5.315115e-01	5.069977e-01	3.591300e-01	4.335128e-01	4.604556e-01	3.939208e-01	5.209795e-01	4.628885e-01	4.542962e-01	3.536678e-01	2.315851e-01	3.271750e-01	4.995231e-01	5.100545e-01	4.475048e-01	4.442349e-01	4.688791e-01	4.094622e-01	4.430888e-01	4.591236e-01	4.214833e-01	3.922858e-01	3.833263e-01	3.085742e-01	4.924264e-01	4.250380e-01	5.369925e-01	4.431816e-01	5.134642e-01	3.974166e-01	5.184602e-01	4.971034e-01	9.328066e-03	1.251930e-01	4.850457e-01	4.529619e-01	1.417183e-01	9.214578e-03	1.689128e-01	2.765855e-01	2.219962e-01	1.479682e-01	1.185156e-01	1.562241e-01	1.834150e-01	
3.446065e-01	2.573853e-01	4.654807e-01	2.113683e-01	4.111741e-01	4.565197e-01	5.205099e-01	5.100439e-01	4.786923e-01	2.982572e-01	4.788431e-01	4.704232e-01	4.436681e-01	7.285829e-01	4.969053e-01	4.227688e-01	2.563388e-01	5.808023e-01	4.903924e-01	4.047488e-01	5.497469e-01	5.152272e-01	2.470150e-01	4.347668e-01	4.169447e-01	5.186141e-01	2.520714e-01	2.148898e-01	4.987876e-01	4.515168e-01	3.905466e-01	2.097588e-01	5.234594e-01	4.861490e-01	4.884600e-01	4.461939e-01	3.302557e-01	4.699912e-01	5.211265e-01	4.651315e-01	5.031112e-01	4.363164e-01	4.540276e-01	6.015015e-01	4.493328e-01	4.865465e-01	4.164592e-01	4.237422e-01	4.881533e-01	5.402451e-01	4.593028e-01	4.400768e-01	5.327104e-01	5.478579e-01	5.711627e-01	4.430010e-01	4.871830e-01	3.671492e-01	4.492080e-01	3.871345e-01	4.008989e-01	5.788275e-01	5.074338e-01	4.842768e-01	5.644229e-01	4.598176e-01	4.784834e-01	4.660322e-01	5.035314e-01	5.278200e-01	5.077011e-01	4.997463e-01	3.278853e-01	5.303157e-01	5.004492e-01	2.196763e-01	5.077456e-01	5.405079e-01	1.994473e-01	5.450420e-01	5.001346e-01	5.530735e-01	5.335441e-01	5.330697e-01	4.562639e-01	4.860191e-01	3.819337e-01	2.392443e-01	5.029507e-01	5.655596e-01	5.397250e-01	3.350030e-01	4.451576e-01	5.391549e-01	4.248083e-01	5.981331e-01	4.143126e-01	4.603283e-01	3.541731e-01	2.615918e-01	3.684213e-01	5.831108e-01	4.824287e-01	4.333597e-01	4.718850e-01	5.061946e-01	4.562860e-01	4.657277e-01	4.936009e-01	4.193235e-01	4.593639e-01	3.779995e-01	2.844976e-01	4.682616e-01	4.920890e-01	5.706801e-01	4.848463e-01	5.526909e-01	4.140179e-01	5.777583e-01	4.595696e-01	-1.062403e-02	1.406144e-01	4.935501e-01	4.737938e-01	1.539177e-01	7.115777e-03	1.683750e-01	2.726129e-01	1.979586e-01	1.600716e-01	1.164067e-01	1.579034e-01	1.967570e-01	
4.654803e-01	3.445184e-01	6.344895e-01	2.578641e-01	4.822990e-01	5.447016e-01	6.096294e-01	6.963242e-01	4.995779e-01	3.357245e-01	6.711700e-01	5.000476e-01	4.975336e-01	4.969053e-01	8.035486e-01	4.834969e-01	3.144126e-01	5.362391e-01	6.915782e-01	5.207358e-01	5.498011e-01	7.177609e-01	3.276577e-01	5.483024e-01	4.885387e-01	6.403284e-01	3.098466e-01	3.033160e-01	4.904447e-01	5.671068e-01	4.420178e-01	3.183168e-01	5.420821e-01	5.371530e-01	6.493327e-01	6.342856e-01	4.320836e-01	5.530861e-01	6.913098e-01	5.541408e-01	6.696868e-01	5.723876e-01	5.106298e-01	5.816595e-01	5.323488e-01	5.512526e-01	4.772473e-01	4.683345e-01	5.334283e-01	7.197227e-01	6.357761e-01	6.118708e-01	5.168440e-01	5.404506e-01	5.772681e-01	5.089565e-01	6.825619e-01	4.514630e-01	4.625716e-01	4.464449e-01	5.602930e-01	5.886512e-01	5.107933e-01	5.066943e-01	5.508186e-01	5.650474e-01	5.891806e-01	6.535282e-01	5.104462e-01	5.673727e-01	6.784484e-01	6.558219e-01	4.384030e-01	7.112970e-01	4.641624e-01	3.015049e-01	4.762347e-01	5.523555e-01	2.769701e-01	5.474109e-01	7.483658e-01	7.541040e-01	5.390913e-01	5.997618e-01	4.844929e-01	5.286907e-01	4.802137e-01	3.186649e-01	6.018252e-01	6.519906e-01	6.306682e-01	4.332119e-01	5.587958e-01	5.133670e-01	4.887884e-01	5.924142e-01	6.205066e-01	5.803139e-01	4.319401e-01	2.991469e-01	3.914273e-01	5.857597e-01	6.753436e-01	5.594155e-01	5.079600e-01	5.510241e-01	4.716901e-01	5.547526e-01	5.458777e-01	5.129529e-01	4.445830e-01	4.609656e-01	3.739803e-01	6.417184e-01	5.038031e-01	6.326487e-01	5.160777e-01	6.123087e-01	4.706013e-01	6.048426e-01	6.389614e-01	-3.393208e-04	1.681880e-01	6.048074e-01	5.369808e-01	1.891130e-01	2.508933e-02	1.989675e-01	3.556328e-01	2.628620e-01	1.720193e-01	1.454151e-01	1.856383e-01	2.372867e-01	
3.686948e-01	3.087097e-01	4.683535e-01	2.489017e-01	4.088587e-01	4.328826e-01	4.544290e-01	5.361781e-01	4.320123e-01	2.789814e-01	4.789380e-01	4.149733e-01	3.918111e-01	4.227688e-01	4.834969e-01	6.056555e-01	2.976218e-01	4.560992e-01	5.133271e-01	4.157199e-01	4.496249e-01	5.339971e-01	3.059895e-01	4.300279e-01	4.296284e-01	4.796176e-01	3.050487e-01	2.939299e-01	4.202649e-01	4.638250e-01	4.081321e-01	2.731825e-01	4.656290e-01	4.194566e-01	4.980815e-01	4.731519e-01	3.654582e-01	4.431118e-01	5.163195e-01	4.395459e-01	5.094143e-01	4.470479e-01	4.187115e-01	4.872985e-01	4.014632e-01	4.577404e-01	3.829448e-01	4.202296e-01	4.632081e-01	5.225036e-01	4.917559e-01	4.471584e-01	4.502283e-01	4.505038e-01	4.737547e-01	4.109995e-01	4.765097e-01	3.995167e-01	3.824246e-01	4.106731e-01	3.942353e-01	5.001857e-01	4.339943e-01	4.632262e-01	4.614153e-01	4.383721e-01	4.595020e-01	4.777110e-01	4.101403e-01	4.852446e-01	5.005127e-01	4.957699e-01	3.273102e-01	5.223197e-01	4.053725e-01	3.010928e-01	4.045802e-01	4.548372e-01	2.708246e-01	4.584403e-01	5.376793e-01	5.520021e-01	4.543556e-01	4.987307e-01	4.180016e-01	4.473614e-01	4.214537e-01	2.973693e-01	4.867802e-01	5.215732e-01	4.881370e-01	4.087848e-01	4.118545e-01	4.421380e-01	4.032841e-01	4.812719e-01	4.649966e-01	4.462162e-01	4.058630e-01	2.550634e-01	3.178266e-01	5.037828e-01	4.893400e-01	4.240502e-01	4.407936e-01	4.638147e-01	3.964042e-01	4.296517e-01	4.612620e-01	4.050043e-01	3.659851e-01	3.697818e-01	3.258102e-01	4.843621e-01	4.238757e-01	5.438247e-01	4.289350e-01	5.301430e-01	4.421488e-01	4.954771e-01	4.812946e-01	7.882605e-03	1.467071e-01	4.660524e-01	4.591212e-01	1.648664e-01	4.764785e-02	1.723914e-01	2.946073e-01	2.402142e-01	1.539571e-01	1.164693e-01	1.728537e-01	2.000145e-01	
3.077244e-01	2.738398e-01	3.446471e-01	1.917126e-01	2.864969e-01	3.244943e-01	3.284461e-01	4.342676e-01	2.824855e-01	2.120108e-01	3.718653e-01	2.571844e-01	2.744261e-01	2.563388e-01	3.144126e-01	2.976218e-01	4.284268e-01	2.743577e-01	4.224438e-01	3.111730e-01	2.923784e-01	4.135743e-01	2.418974e-01	2.827597e-01	3.284417e-01	3.429652e-01	2.558535e-01	2.817534e-01	2.760490e-01	3.295568e-01	2.887994e-01	2.503844e-01	3.112183e-01	2.734299e-01	3.726908e-01	3.972488e-01	3.059635e-01	3.099064e-01	3.869616e-01	2.984940e-01	3.546151e-01	3.174752e-01	2.817271e-01	2.794630e-01	2.755566e-01	3.000931e-01	2.767381e-01	2.822894e-01	3.237905e-01	3.948294e-01	3.727730e-01	3.615201e-01	2.900025e-01	2.756534e-01	3.020597e-01	2.831163e-01	3.840519e-01	3.060829e-01	2.680542e-01	3.167298e-01	3.134056e-01	3.028489e-01	2.795404e-01	3.055638e-01	2.818705e-01	3.153972e-01	2.993124e-01	3.821699e-01	2.612579e-01	3.193739e-01	3.781896e-01	3.634136e-01	2.537852e-01	3.932743e-01	2.709305e-01	2.801384e-01	2.441971e-01	2.919204e-01	2.543229e-01	2.916103e-01	4.280903e-01	4.235442e-01	2.986803e-01	3.439386e-01	2.721758e-01	2.949803e-01	3.185059e-01	2.726284e-01	3.551522e-01	3.627100e-01	3.422514e-01	3.173379e-01	3.190303e-01	2.804718e-01	2.815080e-01	3.055495e-01	3.502417e-01	3.187892e-01	3.023424e-01	1.776598e-01	2.174087e-01	3.154105e-01	3.795166e-01	2.922981e-01	2.970628e-01	3.015812e-01	2.576667e-01	3.015668e-01	3.027136e-01	3.015325e-01	2.173153e-01	2.855215e-01	2.737724e-01	3.545569e-01	2.638414e-01	3.561464e-01	2.903531e-01	3.863334e-01	3.133998e-01	3.342088e-01	4.057285e-01	2.577167e-02	9.718427e-02	3.206367e-01	3.217402e-01	1.424734e-01	3.826882e-02	1.477640e-01	2.154061e-01	2.145659e-01	1.138474e-01	9.711505e-02	1.380019e-01	1.468623e-01	
3.654227e-01	2.829694e-01	4.833098e-01	2.340216e-01	4.457917e-01	4.657225e-01	5.395454e-01	5.362302e-01	5.092785e-01	3.165448e-01	5.092709e-01	5.089582e-01	4.812305e-01	5.808023e-01	5.362391e-01	4.560992e-01	2.743577e-01	7.758833e-01	5.277535e-01	4.234533e-01	5.785644e-01	5.274607e-01	2.660632e-01	4.663074e-01	4.644113e-01	5.456987e-01	2.600015e-01	2.274179e-01	5.509624e-01	4.814329e-01	4.277014e-01	2.272553e-01	5.555686e-01	5.099549e-01	5.175785e-01	4.715283e-01	3.426791e-01	4.992994e-01	5.552675e-01	5.106863e-01	5.371835e-01	4.606610e-01	4.991017e-01	6.364828e-01	4.724809e-01	5.148720e-01	4.534915e-01	4.695961e-01	5.169373e-01	5.727901e-01	4.973690e-01	4.740629e-01	5.660697e-01	5.745198e-01	6.097553e-01	4.712069e-01	5.104016e-01	3.884886e-01	4.852142e-01	4.240023e-01	4.484959e-01	6.283271e-01	5.521685e-01	5.199991e-01	6.199423e-01	4.930389e-01	5.165530e-01	4.813051e-01	5.409208e-01	5.778562e-01	5.260433e-01	5.216315e-01	3.438722e-01	5.543679e-01	5.242210e-01	2.313907e-01	5.354681e-01	5.756228e-01	2.077871e-01	5.663533e-01	5.282701e-01	5.932627e-01	5.750883e-01	5.730882e-01	4.943875e-01	5.346593e-01	4.312599e-01	2.508911e-01	5.336816e-01	6.043293e-01	5.710214e-01	3.721099e-01	4.696741e-01	5.900903e-01	4.563905e-01	6.404239e-01	4.626844e-01	4.906400e-01	3.616709e-01	2.768545e-01	3.830173e-01	6.123176e-01	5.076326e-01	4.720557e-01	5.045329e-01	5.412722e-01	4.823665e-01	4.927249e-01	5.142985e-01	4.630004e-01	4.908173e-01	3.984254e-01	3.104180e-01	4.959639e-01	5.191621e-01	6.083403e-01	5.261435e-01	5.814581e-01	4.467612e-01	6.163874e-01	4.786083e-01	6.538528e-03	1.699638e-01	5.355696e-01	4.997601e-01	1.799220e-01	2.170070e-02	1.857079e-01	2.848480e-01	2.167580e-01	1.792866e-01	1.245583e-01	1.836175e-01	2.220448e-01	
6.042750e-01	4.542876e-01	7.674974e-01	3.161191e-01	6.395482e-01	7.306691e-01	7.814368e-01	9.512483e-01	5.113390e-01	3.713502e-01	9.119088e-01	4.700976e-01	5.443555e-01	4.903924e-01	6.915782e-01	5.133271e-01	4.224438e-01	5.277535e-01	1.133597e+00	6.096184e-01	5.675596e-01	9.566508e-01	4.004609e-01	6.072861e-01	5.736738e-01	7.375207e-01	3.908892e-01	4.234537e-01	5.370379e-01	6.455784e-01	4.762294e-01	4.243882e-01	5.399895e-01	5.671905e-01	8.316869e-01	8.814519e-01	5.089840e-01	6.011934e-01	7.992817e-01	5.751073e-01	8.137864e-01	7.272749e-01	5.850235e-01	6.028686e-01	6.888730e-01	6.958114e-01	6.353608e-01	5.113476e-01	5.996074e-01	8.719338e-01	7.991035e-01	8.239061e-01	5.483704e-01	5.573387e-01	6.077374e-01	5.391757e-01	9.203693e-01	5.221209e-01	4.900777e-01	5.137485e-01	7.077324e-01	5.773739e-01	5.455535e-01	5.072318e-01	5.633081e-01	6.335773e-01	6.432026e-01	8.577788e-01	5.249940e-01	6.073870e-01	7.943330e-01	8.475485e-01	5.456363e-01	8.935738e-01	4.724282e-01	4.277317e-01	4.908135e-01	5.579312e-01	3.737160e-01	5.832569e-01	1.017767e+00	9.957174e-01	5.789311e-01	7.561579e-01	5.092819e-01	5.296848e-01	5.599023e-01	4.254217e-01	7.458972e-01	8.174236e-01	7.794453e-01	5.315259e-01	6.674146e-01	5.243344e-01	6.459520e-01	6.052365e-01	8.058711e-01	7.121862e-01	5.083239e-01	3.406617e-01	4.157725e-01	5.833762e-01	8.469408e-01	6.618189e-01	4.975441e-01	5.809674e-01	4.886599e-01	6.058641e-01	5.799441e-01	6.813874e-01	4.697286e-01	6.707899e-01	4.528701e-01	7.459367e-01	5.036179e-01	6.512987e-01	5.494854e-01	7.135682e-01	5.266879e-01	6.516908e-01	8.839964e-01	7.252032e-02	2.113151e-01	7.503949e-01	6.961973e-01	2.613844e-01	8.349915e-02	2.583499e-01	4.642217e-01	3.383830e-01	2.393822e-01	2.204769e-01	2.270148e-01	2.813596e-01	
4.176810e-01	3.145150e-01	5.246262e-01	2.344697e-01	4.056482e-01	4.674831e-01	5.010228e-01	6.043940e-01	4.133570e-01	2.917021e-01	5.771442e-01	3.886085e-01	4.071976e-01	4.047488e-01	5.207358e-01	4.157199e-01	3.111730e-01	4.234533e-01	6.096184e-01	6.478301e-01	4.437245e-01	6.192032e-01	2.919577e-01	4.592364e-01	4.308903e-01	5.287800e-01	2.778385e-01	2.904244e-01	3.973295e-01	4.886884e-01	3.849422e-01	2.913571e-01	4.456561e-01	4.371590e-01	5.540135e-01	5.557633e-01	3.834869e-01	4.535067e-01	5.903257e-01	4.647516e-01	5.666178e-01	5.000206e-01	4.112812e-01	4.635925e-01	4.499604e-01	4.535900e-01	4.055805e-01	4.057329e-01	4.474903e-01	6.131515e-01	5.481326e-01	5.325870e-01	4.091981e-01	4.313260e-01	4.581784e-01	4.338736e-01	5.865631e-01	4.101845e-01	3.634233e-01	3.977086e-01	4.895770e-01	4.531672e-01	4.010633e-01	4.405175e-01	4.213755e-01	4.593438e-01	4.854583e-01	5.604696e-01	4.051972e-01	4.668162e-01	5.933939e-01	5.554585e-01	3.645647e-01	5.940937e-01	3.829451e-01	2.959000e-01	3.694579e-01	4.395197e-01	2.413800e-01	4.427420e-01	6.438956e-01	6.418402e-01	4.618561e-01	4.958603e-01	3.995310e-01	4.308576e-01	4.245327e-01	2.664841e-01	5.049184e-01	5.328744e-01	5.131310e-01	3.962899e-01	4.745204e-01	4.068964e-01	4.009718e-01	4.815775e-01	5.379777e-01	4.950816e-01	3.899848e-01	2.460131e-01	3.172239e-01	4.574891e-01	5.716614e-01	4.689833e-01	4.331021e-01	4.469371e-01	3.880231e-01	4.737038e-01	4.540078e-01	4.388639e-01	3.560952e-01	4.081045e-01	3.430301e-01	5.486554e-01	4.234550e-01	5.076948e-01	4.199755e-01	5.249454e-01	4.025925e-01	4.908568e-01	5.691962e-01	6.046474e-03	1.485803e-01	5.023756e-01	4.633635e-01	1.639888e-01	3.831656e-02	1.937010e-01	3.257954e-01	2.357382e-01	1.602473e-01	1.262624e-01	1.703766e-01	2.080435e-01	
3.856226e-01	3.150236e-01	5.289207e-01	2.492963e-01	4.714605e-01	5.340886e-01	5.979814e-01	5.850076e-01	5.108219e-01	3.396405e-01	5.575511e-01	4.945047e-01	4.903208e-01	5.497469e-01	5.498011e-01	4.496249e-01	2.923784e-01	5.785644e-01	5.675596e-01	4.437245e-01	7.877439e-01	5.896373e-01	2.824824e-01	4.767544e-01	4.742023e-01	5.797134e-01	2.944286e-01	2.611406e-01	5.394604e-01	4.963660e-01	4.235088e-01	2.570112e-01	5.469874e-01	5.391084e-01	5.577590e-01	5.198319e-01	3.472801e-01	5.210562e-01	5.764779e-01	5.084336e-01	5.677386e-01	4.797139e-01	5.231969e-01	6.200913e-01	5.086822e-01	5.348282e-01	4.665719e-01	4.742948e-01	5.228757e-01	5.981753e-01	5.180764e-01	5.080527e-01	5.632123e-01	5.527184e-01	6.091379e-01	4.879348e-01	5.578551e-01	4.161037e-01	4.833202e-01	4.297734e-01	4.636509e-01	6.363638e-01	5.412991e-01	5.203873e-01	5.983645e-01	5.159057e-01	5.321727e-01	5.243582e-01	5.282716e-01	5.761506e-01	5.654028e-01	5.522118e-01	3.610226e-01	5.967815e-01	5.241747e-01	2.632791e-01	5.391613e-01	5.628512e-01	2.385751e-01	5.775656e-01	5.807175e-01	6.463620e-01	5.578717e-01	5.964767e-01	5.065616e-01	5.366573e-01	4.432018e-01	2.998148e-01	5.865659e-01	6.467664e-01	5.977988e-01	3.923439e-01	5.024196e-01	5.809447e-01	4.926944e-01	6.558766e-01	4.864368e-01	5.126111e-01	3.881234e-01	2.820241e-01	3.781136e-01	5.853458e-01	5.306360e-01	4.850733e-01	5.207795e-01	5.360377e-01	5.070675e-01	4.990058e-01	5.405167e-01	4.888554e-01	5.033625e-01	4.447246e-01	3.250452e-01	5.224660e-01	5.098268e-01	6.086734e-01	5.620902e-01	6.009491e-01	4.668336e-01	6.144257e-01	5.279216e-01	3.710601e-02	1.602674e-01	5.636100e-01	5.273475e-01	1.861620e-01	4.183538e-02	1.949037e-01	3.293699e-01	2.249124e-01	1.783408e-01	1.297041e-01	1.801957e-01	2.167913e-01	
6.086695e-01	4.541006e-01	7.733384e-01	3.210033e-01	6.377099e-01	7.439458e-01	8.070026e-01	9.719098e-01	5.180520e-01	3.802641e-01	9.274514e-01	4.959811e-01	5.467965e-01	5.152272e-01	7.177609e-01	5.339971e-01	4.135743e-01	5.274607e-01	9.566508e-01	6.192032e-01	5.896373e-01	1.152428e+00	4.114083e-01	6.248675e-01	5.884779e-01	7.726835e-01	4.032935e-01	4.292749e-01	5.453441e-01	6.571282e-01	4.818004e-01	4.216698e-01	5.861070e-01	5.911849e-01	8.413922e-01	9.066773e-01	5.282299e-01	6.377530e-01	8.270658e-01	6.044024e-01	8.330854e-01	7.344624e-01	5.927121e-01	6.323249e-01	6.916449e-01	7.045613e-01	6.229361e-01	5.353058e-01	6.105807e-01	8.942235e-01	8.304415e-01	8.425531e-01	5.505870e-01	5.746552e-01	6.168923e-01	5.665772e-01	9.509436e-01	5.317448e-01	5.091588e-01	5.300695e-01	7.297482e-01	6.050943e-01	5.480185e-01	5.392745e-01	5.716132e-01	6.574970e-01	6.687850e-01	8.623070e-01	5.303171e-01	6.216288e-01	8.400896e-01	8.547109e-01	5.596229e-01	9.035540e-01	4.815552e-01	4.197478e-01	4.855150e-01	5.800106e-01	3.805995e-01	6.135618e-01	1.044125e+00	1.000804e+00	5.815022e-01	7.837054e-01	5.149777e-01	5.702465e-01	5.643905e-01	4.493402e-01	7.676795e-01	8.333683e-01	7.966487e-01	5.325825e-01	6.744748e-01	5.317818e-01	6.437851e-01	6.178862e-01	8.132812e-01	7.169845e-01	5.253609e-01	3.464874e-01	4.295857e-01	6.031460e-01	8.734014e-01	6.819950e-01	5.246566e-01	5.931013e-01	4.928935e-01	6.217337e-01	6.096043e-01	6.752021e-01	4.953135e-01	6.620533e-01	4.663008e-01	7.676776e-01	5.275197e-01	6.861613e-01	5.737421e-01	7.221397e-01	5.374043e-01	6.747426e-01	9.210733e-01	4.143021e-02	1.954232e-01	7.649320e-01	6.803451e-01	2.349562e-01	7.650749e-02	2.475671e-01	4.741991e-01	3.372858e-01	2.435459e-01	2.110607e-01	2.137053e-01	2.788494e-01	
