5.458414e-01	3.171811e-01	4.390805e-01	2.470920e-01	3.910919e-01	3.878018e-01	4.412435e-01	5.434476e-01	3.382943e-01	2.622791e-01	6.442174e-01	2.776121e-01	3.739764e-01	2.734291e-01	4.410813e-01	3.502420e-01	3.309153e-01	3.366019e-01	4.989717e-01	3.393502e-01	3.614606e-01	5.455844e-01	2.729135e-01	4.024488e-01	3.777072e-01	4.335179e-01	2.794323e-01	2.595174e-01	3.508734e-01	3.475445e-01	4.273678e-01	3.239183e-01	3.067022e-01	3.641083e-01	2.946170e-01	5.169599e-01	5.730034e-01	2.964899e-01	3.877905e-01	4.566345e-01	3.534778e-01	4.234748e-01	4.680430e-01	3.902268e-01	4.032921e-01	3.749856e-01	3.806695e-01	3.636496e-01	3.747381e-01	3.358546e-01	4.630971e-01	4.674097e-01	5.442919e-01	3.124057e-01	3.194672e-01	3.617639e-01	3.205989e-01	5.114359e-01	3.394261e-01	2.893277e-01	3.088309e-01	4.144223e-01	3.087091e-01	2.521213e-01	3.445182e-01	2.723211e-01	3.437881e-01	4.004907e-01	6.132431e-01	3.129616e-01	3.670914e-01	4.482736e-01	4.981975e-01	3.450271e-01	5.578904e-01	3.173502e-01	2.758288e-01	2.946539e-01	3.265473e-01	3.198515e-01	3.022126e-01	6.282053e-01	6.120453e-01	3.886579e-01	4.071491e-01	3.539232e-01	3.181961e-01	3.391846e-01	3.005662e-01	4.283135e-01	4.054559e-01	4.179602e-01	3.710629e-01	3.826628e-01	2.682187e-01	4.271329e-01	3.169406e-01	4.164762e-01	3.364975e-01	3.584291e-01	2.067176e-01	2.591917e-01	3.078418e-01	5.047706e-01	4.360231e-01	3.606584e-01	2.991118e-01	2.721765e-01	3.751715e-01	3.721107e-01	3.785949e-01	3.018557e-01	3.514167e-01	3.135868e-01	3.958042e-01	3.032178e-01	3.617410e-01	3.157629e-01	4.254119e-01	3.223938e-01	3.792382e-01	5.045080e-01	6.076134e-02	1.333103e-01	3.935112e-01	4.540998e-01	1.870188e-01	8.124111e-02	1.972763e-01	3.174579e-01	2.055687e-01	1.731376e-01	2.014016e-01	1.385356e-01	1.786523e-01	
3.171811e-01	5.060397e-01	3.719689e-01	2.454465e-01	3.083895e-01	3.247740e-01	3.508504e-01	4.270753e-01	3.451586e-01	2.568000e-01	4.650122e-01	2.563325e-01	3.427665e-01	2.677670e-01	3.587438e-01	3.500189e-01	3.316887e-01	3.259496e-01	3.733490e-01	2.946166e-01	3.530418e-01	4.325341e-01	2.579644e-01	3.223903e-01	3.746954e-01	3.470827e-01	3.058627e-01	2.644511e-01	2.798910e-01	3.345853e-01	3.431245e-01	3.232958e-01	2.933485e-01	3.824492e-01	2.429270e-01	3.971109e-01	4.618470e-01	3.035102e-01	3.396250e-01	3.716572e-01	3.326022e-01	3.242482e-01	3.686595e-01	3.504445e-01	3.505673e-01	2.990470e-01	3.131207e-01	3.104879e-01	3.586002e-01	3.305676e-01	3.376372e-01	3.577867e-01	4.172894e-01	3.071634e-01	3.032171e-01	3.381539e-01	3.046946e-01	3.909975e-01	3.199462e-01	2.807782e-01	3.191494e-01	3.009344e-01	3.140091e-01	2.361144e-01	3.456890e-01	2.655364e-01	2.942802e-01	3.388771e-01	4.605607e-01	3.044596e-01	3.425576e-01	3.567923e-01	3.577154e-01	2.912679e-01	4.300020e-01	3.263577e-01	2.807771e-01	3.043345e-01	2.978802e-01	3.267148e-01	2.885957e-01	4.801111e-01	4.399025e-01	3.511992e-01	3.508744e-01	3.498280e-01	3.040331e-01	3.359708e-01	3.043603e-01	3.318475e-01	3.389242e-01	3.596340e-01	3.545104e-01	2.762631e-01	2.613784e-01	3.405097e-01	3.068860e-01	2.959354e-01	2.656202e-01	3.709913e-01	1.692226e-01	2.204804e-01	2.989645e-01	3.901861e-01	3.369508e-01	3.613804e-01	2.818522e-01	2.509849e-01	3.105030e-01	3.609259e-01	2.912120e-01	2.903165e-01	2.752671e-01	2.954727e-01	2.962135e-01	3.085834e-01	3.356439e-01	3.055762e-01	4.127900e-01	3.296004e-01	3.604659e-01	3.843219e-01	4.834275e-02	1.226343e-01	3.077088e-01	3.844934e-01	1.356298e-01	4.367428e-02	1.860215e-01	2.505598e-01	1.811254e-01	1.411527e-01	1.739724e-01	1.257218e-01	1.338576e-01	
4.390805e-01	3.719689e-01	8.048027e-01	3.198925e-01	5.107606e-01	5.214652e-01	5.695311e-01	6.860473e-01	4.754570e-01	3.386318e-01	8.195819e-01	4.067596e-01	5.177421e-01	4.080539e-01	6.183407e-01	4.549031e-01	3.897809e-01	5.050627e-01	6.173946e-01	4.380976e-01	5.174556e-01	6.790320e-01	3.482587e-01	5.592021e-01	4.816295e-01	6.183186e-01	3.151820e-01	2.933891e-01	5.004989e-01	4.869933e-01	5.532415e-01	4.411659e-01	3.563397e-01	5.008137e-01	4.470827e-01	6.798723e-01	7.322159e-01	3.626901e-01	5.432203e-01	6.290499e-01	5.050251e-01	5.770582e-01	6.268681e-01	5.527122e-01	5.782422e-01	4.893243e-01	5.121610e-01	4.832585e-01	5.059061e-01	4.702725e-01	6.431811e-01	6.463447e-01	6.848648e-01	4.475741e-01	4.738975e-01	5.303661e-01	4.588008e-01	6.723363e-01	4.394381e-01	3.993126e-01	4.161938e-01	5.549334e-01	4.477234e-01	3.863647e-01	4.965484e-01	4.120998e-01	5.079515e-01	5.581258e-01	7.638506e-01	4.656677e-01	5.434664e-01	6.025819e-01	6.457386e-01	4.520380e-01	7.404944e-01	4.775413e-01	3.037120e-01	4.280958e-01	4.731401e-01	3.753840e-01	4.338665e-01	7.919796e-01	7.677427e-01	5.530643e-01	5.543081e-01	4.853965e-01	4.435540e-01	4.349423e-01	3.181216e-01	5.883062e-01	5.750652e-01	5.537394e-01	4.621423e-01	5.335000e-01	3.727873e-01	5.718429e-01	4.724442e-01	5.501747e-01	4.724689e-01	4.697326e-01	2.742706e-01	3.685367e-01	4.681193e-01	6.783601e-01	5.987209e-01	4.955501e-01	4.230841e-01	3.809991e-01	5.360081e-01	5.469346e-01	5.106233e-01	4.346439e-01	4.706307e-01	3.747512e-01	5.346343e-01	4.552085e-01	4.982241e-01	4.508393e-01	5.679240e-01	4.446972e-01	5.797240e-01	6.442523e-01	5.658515e-02	1.580600e-01	5.596372e-01	5.831160e-01	2.059644e-01	7.225676e-02	2.388903e-01	4.030604e-01	2.286721e-01	1.833742e-01	2.268139e-01	1.200322e-01	2.122946e-01	
2.470920e-01	2.454465e-01	3.198925e-01	3.916533e-01	2.805981e-01	3.010571e-01	3.225571e-01	3.679398e-01	2.812236e-01	1.931561e-01	4.174435e-01	2.271467e-01	2.669262e-01	2.300314e-01	3.194094e-01	2.539744e-01	2.411568e-01	2.728680e-01	3.415303e-01	2.429942e-01	2.848124e-01	3.842170e-01	1.989901e-01	2.584817e-01	2.687797e-01	2.817127e-01	2.254746e-01	1.914575e-01	2.677703e-01	2.715894e-01	2.844096e-01	2.454131e-01	2.135741e-01	2.909953e-01	2.140963e-01	3.416682e-01	4.055092e-01	2.150601e-01	2.887797e-01	3.109895e-01	2.628204e-01	2.848698e-01	3.214247e-01	3.056281e-01	3.023118e-01	2.910382e-01	2.924570e-01	2.902346e-01	2.644555e-01	2.484457e-01	2.939577e-01	3.003820e-01	3.754869e-01	2.600570e-01	2.620571e-01	2.609111e-01	2.403355e-01	3.362303e-01	2.311696e-01	2.481361e-01	2.350586e-01	2.661687e-01	2.454817e-01	1.997949e-01	2.619461e-01	2.154036e-01	2.474806e-01	2.726105e-01	4.118868e-01	2.436288e-01	2.735598e-01	2.887499e-01	3.183193e-01	2.437331e-01	3.685295e-01	2.686605e-01	2.074342e-01	2.531947e-01	2.539119e-01	2.379787e-01	2.653011e-01	4.219060e-01	3.884643e-01	2.926847e-01	3.151231e-01	2.706722e-01	2.360428e-01	2.520428e-01	2.147560e-01	3.032067e-01	3.146810e-01	3.257962e-01	2.676549e-01	2.514252e-01	2.279837e-01	3.254050e-01	2.762855e-01	2.543449e-01	2.301947e-01	2.791899e-01	1.636192e-01	2.068780e-01	2.530067e-01	3.270605e-01	2.858886e-01	2.717334e-01	2.136356e-01	2.180179e-01	2.408600e-01	2.789969e-01	2.775767e-01	2.640875e-01	2.667603e-01	2.380647e-01	2.453199e-01	2.408717e-01	2.808171e-01	2.717651e-01	3.285705e-01	2.528650e-01	3.036079e-01	3.392779e-01	6.205015e-02	1.113184e-01	2.722175e-01	3.324558e-01	1.145356e-01	5.215040e-02	1.382564e-01	2.105415e-01	1.492279e-01	1.302564e-01	1.432201e-01	9.210759e-02	1.166395e-01	
3.910919e-01	3.083895e-01	5.107606e-01	2.805981e-01	6.584905e-01	5.052174e-01	5.496041e-01	6.132672e-01	4.087362e-01	3.095733e-01	7.192057e-01	3.552882e-01	4.159202e-01	3.608475e-01	5.132569e-01	3.818505e-01	3.188287e-01	4.422524e-01	5.442148e-01	3.608684e-01	4.765038e-01	6.228858e-01	2.811899e-01	4.446837e-01	4.069094e-01	4.709963e-01	2.842214e-01	2.603130e-01	4.795329e-01	4.196977e-01	4.553002e-01	3.623218e-01	3.053271e-01	4.107820e-01	3.568154e-01	5.902021e-01	6.432150e-01	3.011130e-01	4.484109e-01	4.908428e-01	4.116472e-01	4.616457e-01	5.368364e-01	5.164861e-01	5.170079e-01	4.809257e-01	4.932310e-01	4.820565e-01	4.149480e-01	4.060054e-01	5.168253e-01	5.206609e-01	6.269889e-01	4.052556e-01	3.964876e-01	4.619852e-01	3.627306e-01	5.835251e-01	3.559131e-01	3.676719e-01	3.390430e-01	4.827031e-01	3.920978e-01	3.365779e-01	3.932986e-01	3.776632e-01	4.060753e-01	4.556148e-01	6.612035e-01	3.930195e-01	4.276488e-01	4.690880e-01	5.548190e-01	3.806156e-01	6.267501e-01	4.059541e-01	2.764594e-01	3.980303e-01	4.386396e-01	3.413900e-01	3.837954e-01	6.835968e-01	6.882536e-01	4.515074e-01	5.548041e-01	4.208162e-01	3.703198e-01	3.635111e-01	2.866072e-01	5.504932e-01	5.417791e-01	5.328151e-01	3.892354e-01	4.154247e-01	3.553183e-01	5.662273e-01	4.305394e-01	4.413292e-01	3.862633e-01	3.732371e-01	2.351874e-01	3.290209e-01	4.101411e-01	5.427768e-01	5.001939e-01	4.085779e-01	3.381970e-01	3.530314e-01	4.291032e-01	4.472137e-01	4.890990e-01	4.135660e-01	4.583770e-01	3.223964e-01	4.282283e-01	3.878851e-01	4.253345e-01	4.284231e-01	4.827236e-01	3.654725e-01	4.848854e-01	5.541772e-01	8.102524e-02	1.371200e-01	4.825028e-01	5.674122e-01	1.809871e-01	9.961484e-02	2.066969e-01	3.376530e-01	2.016769e-01	1.754553e-01	2.061449e-01	1.197478e-01	1.986824e-01	
3.878018e-01	3.247740e-01	5.214652e-01	3.010571e-01	5.052174e-01	7.072927e-01	5.828071e-01	6.599045e-01	3.986126e-01	2.909203e-01	7.747956e-01	3.475014e-01	4.192554e-01	3.472185e-01	5.320232e-01	3.605955e-01	3.064482e-01	4.213854e-01	5.877797e-01	3.726925e-01	4.599233e-01	6.563758e-01	2.846211e-01	4.560091e-01	3.944079e-01	4.852194e-01	2.781064e-01	2.570209e-01	4.526658e-01	3.923280e-01	4.629535e-01	3.589623e-01	2.866196e-01	4.020745e-01	3.722656e-01	6.175737e-01	6.870734e-01	3.057578e-01	4.445431e-01	5.015932e-01	4.054313e-01	4.953179e-01	5.663902e-01	5.053951e-01	4.908588e-01	4.938442e-01	5.116646e-01	5.097201e-01	4.075779e-01	3.846152e-01	5.402760e-01	5.462903e-01	6.772185e-01	4.008872e-01	3.816262e-01	4.249356e-01	3.617481e-01	6.297767e-01	3.444674e-01	3.576422e-01	3.404091e-01	5.008607e-01	3.471789e-01	3.194228e-01	3.726742e-01	3.643094e-01	3.997237e-01	4.669048e-01	7.060798e-01	3.875577e-01	4.221828e-01	4.764261e-01	5.975478e-01	3.883484e-01	6.441361e-01	3.866245e-01	2.764805e-01	3.714589e-01	4.156936e-01	3.367184e-01	3.736124e-01	7.384182e-01	7.239772e-01	4.505890e-01	5.858650e-01	4.034189e-01	3.409102e-01	3.573152e-01	2.885832e-01	5.767697e-01	5.725173e-01	5.537432e-01	3.785870e-01	4.429104e-01	3.297332e-01	5.829639e-01	4.215587e-01	4.689130e-01	4.015331e-01	3.765817e-01	2.253846e-01	3.220085e-01	3.936327e-01	5.664943e-01	5.198755e-01	3.939040e-01	3.208617e-01	3.407046e-01	4.311260e-01	4.316053e-01	5.076317e-01	4.132193e-01	4.967547e-01	3.247204e-01	4.305984e-01	3.681688e-01	4.167380e-01	4.267690e-01	4.910470e-01	3.438426e-01	4.681039e-01	5.897140e-01	8.247479e-02	1.159795e-01	5.073857e-01	5.791323e-01	1.766454e-01	9.985569e-02	1.879500e-01	3.421828e-01	2.077110e-01	1.843935e-01	2.074962e-01	1.033555e-01	2.008440e-01	
4.412435e-01	3.508504e-01	5.695311e-01	3.225571e-01	5.496041e-01	5.828071e-01	8.324801e-01	7.157044e-01	4.359751e-01	3.328939e-01	8.606600e-01	3.993752e-01	4.759178e-01	3.957547e-01	5.938586e-01	4.171512e-01	3.517431e-01	4.879115e-01	6.516710e-01	4.051505e-01	5.172938e-01	7.323837e-01	3.198555e-01	5.200848e-01	4.530951e-01	5.606625e-01	2.991117e-01	2.751604e-01	5.125369e-01	4.659290e-01	5.134611e-01	4.024353e-01	3.329176e-01	4.510378e-01	4.145392e-01	6.893605e-01	7.622075e-01	3.419085e-01	4.963116e-01	5.883157e-01	4.693663e-01	5.645123e-01	6.296851e-01	5.854061e-01	5.578906e-01	5.560405e-01	5.674524e-01	5.437511e-01	4.510999e-01	4.414805e-01	6.071918e-01	6.130859e-01	7.607202e-01	4.559183e-01	4.489360e-01	4.974202e-01	4.082615e-01	6.837123e-01	3.910730e-01	4.171713e-01	3.762684e-01	5.590331e-01	4.391216e-01	3.718102e-01	4.215648e-01	4.164256e-01	4.515574e-01	5.193309e-01	7.844983e-01	4.417478e-01	4.615844e-01	5.418637e-01	6.652563e-01	4.419361e-01	7.222602e-01	4.424251e-01	3.011148e-01	4.291395e-01	4.715075e-01	3.809030e-01	4.155537e-01	8.246622e-01	8.038453e-01	5.046583e-01	6.288120e-01	4.462685e-01	4.059090e-01	3.925030e-01	3.133947e-01	6.317840e-01	6.313387e-01	6.195874e-01	4.200803e-01	4.983832e-01	3.816792e-01	6.456496e-01	4.684491e-01	5.225318e-01	4.364149e-01	4.165982e-01	2.600989e-01	3.589304e-01	4.505506e-01	6.387986e-01	5.703613e-01	4.433366e-01	3.672129e-01	3.793428e-01	4.778552e-01	4.875446e-01	5.781719e-01	4.584417e-01	5.405172e-01	3.660084e-01	5.036357e-01	4.103723e-01	4.567917e-01	4.536452e-01	5.339503e-01	3.800299e-01	5.132026e-01	6.477096e-01	8.272439e-02	1.283441e-01	5.507882e-01	6.382735e-01	1.967726e-01	9.547639e-02	2.101113e-01	3.702494e-01	2.258607e-01	1.951053e-01	2.287289e-01	1.186158e-01	2.068288e-01	
5.434476e-01	4.270753e-01	6.860473e-01	3.679398e-01	6.132672e-01	6.599045e-01	7.157044e-01	1.090282e+00	4.714368e-01	3.692311e-01	1.062440e+00	4.179098e-01	5.291223e-01	3.889896e-01	6.911662e-01	4.864929e-01	4.455504e-01	4.888031e-01	7.961313e-01	4.834623e-01	5.379477e-01	8.927904e-01	3.876578e-01	6.174644e-01	5.484072e-01	6.793995e-01	3.578876e-01	3.331814e-01	5.258330e-01	4.904571e-01	6.161511e-01	4.674317e-01	3.968957e-01	5.045550e-01	4.539643e-01	8.244276e-01	9.197031e-01	4.054167e-01	5.928045e-01	6.964964e-01	5.355904e-01	6.748618e-01	7.585464e-01	6.096829e-01	5.784356e-01	5.996025e-01	6.197094e-01	5.889241e-01	5.206086e-01	4.612449e-01	7.503227e-01	7.480402e-01	9.159485e-01	4.849142e-01	4.734260e-01	5.185529e-01	4.707023e-01	8.681890e-01	4.518715e-01	4.476470e-01	4.406015e-01	6.597449e-01	4.313357e-01	3.700692e-01	4.787083e-01	3.996755e-01	5.222272e-01	5.957840e-01	9.699112e-01	4.705427e-01	5.336103e-01	6.742840e-01	7.904653e-01	5.213101e-01	8.594134e-01	4.377723e-01	3.763450e-01	4.090171e-01	4.934257e-01	4.549256e-01	4.443227e-01	1.016188e+00	1.001987e+00	5.692256e-01	6.834956e-01	4.967329e-01	4.424084e-01	4.704248e-01	3.917742e-01	7.186978e-01	6.889737e-01	6.799333e-01	5.297413e-01	5.905642e-01	3.763001e-01	6.869228e-01	4.830269e-01	6.692825e-01	5.448418e-01	4.946424e-01	2.943261e-01	3.863254e-01	4.573893e-01	7.762589e-01	6.930928e-01	4.924563e-01	4.084879e-01	3.884483e-01	5.787450e-01	5.371772e-01	6.265737e-01	4.786857e-01	5.970852e-01	4.316798e-01	6.105771e-01	4.492098e-01	5.012287e-01	4.806428e-01	6.175902e-01	4.377532e-01	5.765817e-01	8.227898e-01	9.230654e-02	2.010233e-01	6.457302e-01	7.251134e-01	2.636063e-01	1.112263e-01	2.785905e-01	4.844696e-01	2.801211e-01	2.412254e-01	2.814441e-01	1.549679e-01	2.612928e-01	
3.382943e-01	3.451586e-01	4.754570e-01	2.812236e-01	4.087362e-01	3.986126e-01	4.359751e-01	4.714368e-01	7.391421e-01	3.083332e-01	5.412333e-01	4.414843e-01	5.071233e-01	4.666738e-01	4.988316e-01	4.643901e-01	3.424516e-01	5.440332e-01	4.559957e-01	3.707571e-01	5.496886e-01	5.191916e-01	2.857541e-01	4.649039e-01	4.693432e-01	4.730617e-01	2.987531e-01	2.451759e-01	5.276414e-01	5.137292e-01	4.672514e-01	4.375007e-01	3.123152e-01	5.326420e-01	4.227698e-01	5.245109e-01	5.405161e-01	3.186516e-01	4.903378e-01	5.115739e-01	4.945713e-01	4.129525e-01	4.783049e-01	5.263640e-01	6.133487e-01	4.305390e-01	4.348162e-01	4.265924e-01	5.093243e-01	4.900657e-01	4.727745e-01	4.758541e-01	4.681481e-01	4.581804e-01	4.946426e-01	5.607507e-01	4.681940e-01	4.821882e-01	4.095677e-01	4.475940e-01	4.258190e-01	3.932649e-01	5.055025e-01	4.147402e-01	5.239970e-01	4.499319e-01	4.669729e-01	4.944739e-01	5.427610e-01	4.629442e-01	5.589137e-01	4.827724e-01	4.761346e-01	3.649098e-01	5.916880e-01	5.273028e-01	2.866793e-01	4.856463e-01	5.099565e-01	3.370009e-01	4.740885e-01	5.411177e-01	5.091182e-01	5.588323e-01	4.906857e-01	5.309327e-01	4.736267e-01	4.423455e-01	2.951093e-01	4.494034e-01	4.683416e-01	4.229053e-01	4.358089e-01	3.842863e-01	4.276110e-01	4.570592e-01	5.259373e-01	3.577447e-01	3.765943e-01	4.515035e-01	2.375998e-01	3.714160e-01	4.861176e-01	5.360471e-01	4.569755e-01	5.483057e-01	4.371445e-01	4.343216e-01	4.597938e-01	5.495922e-01	3.813891e-01	4.594812e-01	3.783638e-01	3.533152e-01	4.184035e-01	4.764203e-01	5.186638e-01	4.776934e-01	5.845702e-01	4.491483e-01	5.777673e-01	4.340427e-01	6.455374e-02	1.554960e-01	4.378862e-01	4.845858e-01	1.695801e-01	8.374276e-02	2.322441e-01	3.071510e-01	2.187303e-01	1.647628e-01	1.949095e-01	1.400885e-01	2.081116e-01	
2.622791e-01	2.568000e-01	3.386318e-01	1.931561e-01	3.095733e-01	2.909203e-01	3.328939e-01	3.692311e-01	3.083332e-01	4.040609e-01	4.413921e-01	2.630675e-01	3.077678e-01	2.543408e-01	3.413631e-01	3.046183e-01	2.524716e-01	3.246066e-01	3.467275e-01	2.561892e-01	3.378031e-01	4.046408e-01	2.068058e-01	3.053512e-01	3.150177e-01	3.351156e-01	2.374442e-01	1.985048e-01	3.236907e-01	3.070589e-01	3.178967e-01	2.711987e-01	2.327952e-01	3.167009e-01	2.524525e-01	3.827253e-01	4.136493e-01	2.280528e-01	3.311734e-01	3.465797e-01	3.087773e-01	3.132235e-01	3.396811e-01	3.350669e-01	3.599392e-01	2.992683e-01	2.991045e-01	2.870197e-01	3.065272e-01	2.982048e-01	3.372092e-01	3.467031e-01	3.819038e-01	2.851628e-01	2.914966e-01	3.326050e-01	2.727648e-01	3.533918e-01	2.706597e-01	2.765591e-01	2.709570e-01	3.017122e-01	2.987540e-01	2.480006e-01	3.057016e-01	2.599473e-01	3.026123e-01	3.158363e-01	4.251360e-01	2.955515e-01	3.131382e-01	3.372854e-01	3.334967e-01	2.736211e-01	4.139543e-01	3.132368e-01	2.166703e-01	2.920651e-01	3.066909e-01	2.591551e-01	2.797987e-01	4.335098e-01	4.162278e-01	3.322779e-01	3.339200e-01	3.175952e-01	2.843272e-01	2.700330e-01	2.294370e-01	3.203510e-01	3.335829e-01	3.357429e-01	2.835478e-01	2.640807e-01	2.486458e-01	3.222290e-01	3.053725e-01	2.812537e-01	2.616874e-01	3.012928e-01	1.666549e-01	2.269761e-01	2.903361e-01	3.601383e-01	3.139443e-01	3.225254e-01	2.497801e-01	2.607766e-01	2.982829e-01	3.410795e-01	2.937391e-01	2.769878e-01	2.726549e-01	2.405617e-01	2.799588e-01	2.789450e-01	3.045447e-01	2.913504e-01	3.556991e-01	2.741849e-01	3.439914e-01	3.461197e-01	3.987902e-02	9.142436e-02	3.102520e-01	3.570507e-01	1.101625e-01	5.233915e-02	1.602988e-01	2.242118e-01	1.419570e-01	1.182798e-01	1.458930e-01	1.038198e-01	1.343679e-01	
6.442174e-01	4.650122e-01	8.195819e-01	4.174435e-01	7.192057e-01	7.747956e-01	8.606600e-01	1.062440e+00	5.412333e-01	4.413921e-01	1.477991e+00	4.897519e-01	6.514519e-01	4.355345e-01	8.347512e-01	5.602868e-01	4.974533e-01	5.863709e-01	9.690302e-01	5.909168e-01	6.082046e-01	1.058559e+00	4.541037e-01	7.560478e-01	6.140184e-01	8.253188e-01	3.929197e-01	3.711326e-01	6.244682e-01	5.755424e-01	7.474958e-01	5.554229e-01	4.654453e-01	5.829052e-01	5.634810e-01	9.920454e-01	1.117269e+00	4.594236e-01	6.970033e-01	8.620026e-01	6.410616e-01	8.204016e-01	9.156969e-01	7.302947e-01	6.696653e-01	7.141290e-01	7.347589e-01	7.090225e-01	5.937331e-01	5.501808e-01	9.197196e-01	9.028957e-01	1.108146e+00	5.667712e-01	5.680929e-01	6.169508e-01	5.491796e-01	1.031640e+00	5.437476e-01	5.090546e-01	4.895902e-01	8.360812e-01	4.792102e-01	4.371559e-01	5.518092e-01	4.613948e-01	6.302174e-01	7.282384e-01	1.166183e+00	5.645644e-01	5.995928e-01	8.126835e-01	9.768480e-01	6.378850e-01	1.040526e+00	5.235298e-01	4.117662e-01	4.710504e-01	5.714679e-01	4.946425e-01	5.258827e-01	1.226123e+00	1.214484e+00	6.712707e-01	8.191566e-01	5.865640e-01	5.206904e-01	5.402849e-01	4.185441e-01	8.438226e-01	8.061506e-01	8.152714e-01	5.973590e-01	7.332448e-01	4.341377e-01	8.364002e-01	5.538571e-01	8.210126e-01	6.452991e-01	5.758102e-01	3.617299e-01	4.486439e-01	5.282320e-01	9.359222e-01	8.480192e-01	5.769219e-01	4.805646e-01	4.600169e-01	7.103462e-01	6.307677e-01	7.651874e-01	5.572257e-01	7.140787e-01	4.857696e-01	7.496722e-01	5.277135e-01	6.084720e-01	5.376749e-01	7.256886e-01	4.993650e-01	6.835894e-01	9.953742e-01	8.860092e-02	1.879487e-01	7.736193e-01	8.642359e-01	2.755867e-01	1.197181e-01	2.883790e-01	5.651338e-01	3.190988e-01	2.537679e-01	3.315063e-01	1.460074e-01	2.764801e-01	
2.776121e-01	2.563325e-01	4.067596e-01	2.271467e-01	3.552882e-01	3.475014e-01	3.993752e-01	4.179098e-01	4.414843e-01	2.630675e-01	4.897519e-01	5.899856e-01	4.259895e-01	4.168964e-01	4.282466e-01	3.625087e-01	2.562806e-01	5.034514e-01	3.867744e-01	2.987690e-01	4.867995e-01	4.445019e-01	2.135639e-01	4.045978e-01	3.691498e-01	4.140884e-01	2.241756e-01	1.932287e-01	4.790419e-01	4.427294e-01	3.910999e-01	3.471464e-01	2.398471e-01	4.544712e-01	3.782362e-01	4.438346e-01	4.618333e-01	2.292541e-01	4.483962e-01	4.134879e-01	4.233553e-01	3.629128e-01	4.303341e-01	4.710618e-01	5.612701e-01	4.157102e-01	3.931902e-01	3.929349e-01	4.264707e-01	4.194052e-01	4.171879e-01	4.099444e-01	3.992574e-01	4.105791e-01	4.379124e-01	5.119217e-01	4.006422e-01	4.001797e-01	3.447636e-01	3.856661e-01	3.443068e-01	3.480413e-01	4.556415e-01	3.686920e-01	4.286817e-01	4.260815e-01	4.145827e-01	4.218648e-01	4.707678e-01	4.053939e-01	4.629455e-01	4.104138e-01	4.255317e-01	3.195083e-01	4.914760e-01	4.571939e-01	2.186157e-01	4.396414e-01	4.453095e-01	2.640780e-01	4.086816e-01	4.664903e-01	4.593493e-01	4.801047e-01	4.377768e-01	4.546843e-01	3.991628e-01	3.411424e-01	2.192003e-01	4.180198e-01	4.167268e-01	3.810866e-01	3.396543e-01	3.107518e-01	3.870851e-01	3.987542e-01	4.628241e-01	3.192875e-01	3.262284e-01	3.514219e-01	1.859054e-01	3.364088e-01	4.333875e-01	4.487187e-01	4.125907e-01	4.312492e-01	3.711877e-01	3.748840e-01	4.009550e-01	4.776486e-01	3.635450e-01	4.133932e-01	3.330487e-01	2.670390e-01	3.594449e-01	3.953415e-01	4.373338e-01	4.318495e-01	4.796058e-01	3.525351e-01	4.986978e-01	3.659763e-01	4.591921e-02	1.149784e-01	3.677151e-01	4.299969e-01	1.423032e-01	6.650559e-02	1.726742e-01	2.404464e-01	1.524907e-01	1.305592e-01	1.703712e-01	1.249545e-01	1.804170e-01	
3.739764e-01	3.427665e-01	5.177421e-01	2.669262e-01	4.159202e-01	4.192554e-01	4.759178e-01	5.291223e-01	5.071233e-01	3.077678e-01	6.514519e-01	4.259895e-01	7.340568e-01	4.470153e-01	5.422086e-01	4.326267e-01	3.346236e-01	5.308253e-01	5.086953e-01	3.880074e-01	5.218737e-01	5.796299e-01	2.914883e-01	5.171143e-01	4.717510e-01	5.341301e-01	2.599935e-01	2.247689e-01	5.023984e-01	5.051331e-01	5.065810e-01	4.192934e-01	3.037446e-01	5.092440e-01	4.544582e-01	5.789632e-01	6.042593e-01	3.081683e-01	4.999527e-01	5.754490e-01	5.183418e-01	4.778426e-01	5.440625e-01	5.484365e-01	5.986693e-01	4.616316e-01	4.652173e-01	4.317797e-01	4.871392e-01	4.740941e-01	5.605109e-01	5.303705e-01	5.539844e-01	4.380291e-01	4.903729e-01	5.790616e-01	4.747426e-01	5.642573e-01	4.278161e-01	4.133733e-01	4.036687e-01	4.582425e-01	4.935819e-01	4.059188e-01	5.177556e-01	4.364649e-01	4.901485e-01	5.343393e-01	6.347123e-01	4.686908e-01	5.548831e-01	5.431694e-01	5.395842e-01	3.933202e-01	6.326382e-01	5.106418e-01	2.508751e-01	4.590836e-01	5.105196e-01	3.175753e-01	4.509684e-01	6.251473e-01	6.017437e-01	5.630111e-01	5.038861e-01	5.183137e-01	4.564785e-01	4.030284e-01	2.557816e-01	4.882905e-01	4.860082e-01	4.583368e-01	4.298430e-01	4.302312e-01	4.202012e-01	4.652145e-01	4.889355e-01	4.251085e-01	4.000238e-01	4.501511e-01	2.256499e-01	3.605119e-01	4.752431e-01	6.010307e-01	5.379153e-01	5.084528e-01	4.251039e-01	4.147609e-01	5.141515e-01	5.443366e-01	3.981303e-01	4.227836e-01	3.827487e-01	3.320082e-01	4.736376e-01	4.617407e-01	4.973611e-01	4.585741e-01	5.737068e-01	4.266091e-01	5.656742e-01	4.985802e-01	3.406952e-02	1.229567e-01	4.781465e-01	5.126543e-01	1.616192e-01	4.028286e-02	1.884656e-01	3.244337e-01	1.747872e-01	1.501962e-01	2.113189e-01	1.283355e-01	1.885674e-01	
2.734291e-01	2.677670e-01	4.080539e-01	2.300314e-01	3.608475e-01	3.472185e-01	3.957547e-01	3.889896e-01	4.666738e-01	2.543408e-01	4.355345e-01	4.168964e-01	4.470153e-01	6.258497e-01	4.205046e-01	3.673556e-01	2.449849e-01	5.195843e-01	3.636701e-01	2.900837e-01	5.096846e-01	4.267549e-01	2.075080e-01	3.899725e-01	3.619092e-01	4.120794e-01	2.019246e-01	1.801407e-01	5.041772e-01	4.527689e-01	3.820312e-01	3.414716e-01	2.244811e-01	4.532753e-01	3.996554e-01	4.376106e-01	4.485584e-01	2.228664e-01	4.230459e-01	4.146499e-01	4.231471e-01	3.428103e-01	4.120048e-01	4.818581e-01	5.656883e-01	4.169344e-01	4.130099e-01	3.821803e-01	4.346632e-01	4.466006e-01	4.019189e-01	3.785095e-01	3.848433e-01	4.013575e-01	4.464491e-01	5.258400e-01	4.044422e-01	4.046028e-01	3.381275e-01	4.055866e-01	3.326991e-01	3.319027e-01	4.772414e-01	3.876584e-01	4.438735e-01	4.637852e-01	4.028446e-01	4.145591e-01	4.256408e-01	4.179026e-01	4.933153e-01	3.852371e-01	3.802658e-01	2.945295e-01	4.780250e-01	4.901113e-01	1.832129e-01	4.488881e-01	4.690652e-01	2.470696e-01	4.154859e-01	4.481348e-01	4.220846e-01	4.900539e-01	4.494054e-01	4.675737e-01	4.174363e-01	3.306411e-01	1.848625e-01	4.149077e-01	4.254242e-01	3.842368e-01	3.323534e-01	3.115326e-01	4.047996e-01	3.947089e-01	4.906730e-01	3.046752e-01	3.123113e-01	3.452027e-01	1.661036e-01	3.341750e-01	4.607424e-01	4.407877e-01	3.902501e-01	4.444531e-01	3.822916e-01	3.845066e-01	3.968546e-01	4.808489e-01	3.603590e-01	4.178771e-01	3.307604e-01	2.592150e-01	3.513761e-01	4.224805e-01	4.456158e-01	4.570816e-01	4.867593e-01	3.536529e-01	5.009245e-01	3.488620e-01	4.088943e-02	1.085018e-01	3.752563e-01	4.251905e-01	1.338152e-01	6.544460e-02	1.701251e-01	2.248276e-01	1.362133e-01	1.377078e-01	1.688109e-01	1.226557e-01	1.773440e-01	
4.410813e-01	3.587438e-01	6.183407e-01	3.194094e-01	5.132569e-01	5.320232e-01	5.938586e-01	6.911662e-01	4.988316e-01	3.413631e-01	8.347512e-01	4.282466e-01	5.422086e-01	4.205046e-01	7.978198e-01	4.780889e-01	3.815538e-01	5.199497e-01	6.609190e-01	4.595452e-01	5.274908e-01	7.027173e-01	3.345502e-01	5.733220e-01	4.932677e-01	6.217944e-01	3.052548e-01	2.809382e-01	5.231490e-01	5.089418e-01	5.713088e-01	4.615367e-01	3.420858e-01	5.246413e-01	4.673491e-01	6.911233e-01	7.547160e-01	3.625346e-01	5.460005e-01	6.416603e-01	5.429436e-01	6.009745e-01	6.460031e-01	5.750862e-01	5.985229e-01	5.143393e-01	5.345133e-01	4.950580e-01	5.103961e-01	4.687029e-01	6.427087e-01	6.509246e-01	7.162859e-01	4.678062e-01	4.936436e-01	5.605352e-01	4.679898e-01	6.818479e-01	4.363168e-01	4.165590e-01	4.271050e-01	5.647490e-01	4.594344e-01	3.908344e-01	5.062934e-01	4.284372e-01	5.206341e-01	5.664130e-01	7.735818e-01	4.842530e-01	5.399962e-01	6.192700e-01	6.708814e-01	4.560655e-01	7.576129e-01	4.962883e-01	2.878632e-01	4.508523e-01	5.015810e-01	3.660406e-01	4.609660e-01	7.935761e-01	7.936360e-01	5.701546e-01	5.838179e-01	5.101902e-01	4.540995e-01	4.409323e-01	3.062905e-01	5.977680e-01	5.768790e-01	5.607342e-01	4.716153e-01	5.283870e-01	4.080295e-01	5.730001e-01	4.824004e-01	5.568523e-01	4.945371e-01	4.661841e-01	2.758844e-01	3.891362e-01	4.680622e-01	6.987276e-01	6.213340e-01	5.086481e-01	4.291070e-01	4.090005e-01	5.481361e-01	5.476318e-01	5.262519e-01	4.576914e-01	4.840376e-01	3.929765e-01	5.446060e-01	4.609063e-01	5.175415e-01	4.700166e-01	5.951759e-01	4.534972e-01	5.859811e-01	6.380937e-01	5.419172e-02	1.427093e-01	5.760811e-01	5.892356e-01	2.040562e-01	6.268764e-02	2.199740e-01	4.038625e-01	2.262990e-01	1.714892e-01	2.344458e-01	1.362885e-01	2.223720e-01	
3.502420e-01	3.500189e-01	4.549031e-01	2.539744e-01	3.818505e-01	3.605955e-01	4.171512e-01	4.864929e-01	4.643901e-01	3.046183e-01	5.602868e-01	3.625087e-01	4.326267e-01	3.673556e-01	4.780889e-01	6.292620e-01	3.570453e-01	4.443044e-01	4.557107e-01	3.527810e-01	4.581228e-01	5.089090e-01	2.954969e-01	4.239220e-01	4.443377e-01	4.697586e-01	3.095739e-01	2.794103e-01	4.276350e-01	4.242838e-01	4.416738e-01	4.092061e-01	3.237938e-01	4.759845e-01	3.778719e-01	4.876360e-01	5.479676e-01	3.308398e-01	4.494270e-01	4.813985e-01	4.494321e-01	4.015930e-01	4.563427e-01	4.537900e-01	5.114383e-01	3.913129e-01	3.904514e-01	3.790183e-01	4.574261e-01	4.164440e-01	4.477463e-01	4.664221e-01	4.811517e-01	4.108562e-01	4.103966e-01	4.649417e-01	4.116489e-01	4.591411e-01	3.867397e-01	3.681861e-01	4.024390e-01	3.891721e-01	4.235486e-01	3.584226e-01	4.551019e-01	3.694916e-01	4.199088e-01	4.407667e-01	5.350807e-01	4.035931e-01	4.670606e-01	4.705216e-01	4.583678e-01	3.544871e-01	5.472748e-01	4.346076e-01	2.948801e-01	3.989293e-01	4.086484e-01	3.578683e-01	3.927899e-01	5.418847e-01	5.388790e-01	4.796574e-01	4.469096e-01	4.644407e-01	4.198568e-01	4.109494e-01	3.151273e-01	4.347224e-01	4.265283e-01	4.227112e-01	4.173271e-01	3.705310e-01	3.537450e-01	4.238024e-01	4.246619e-01	3.748469e-01	3.632496e-01	4.369898e-01	2.125886e-01	3.150623e-01	3.906646e-01	5.146481e-01	4.363381e-01	4.783835e-01	3.721354e-01	3.505684e-01	4.047088e-01	4.677647e-01	3.709113e-01	3.926008e-01	3.569236e-01	3.531924e-01	3.986673e-01	3.955642e-01	4.617281e-01	4.070379e-01	5.184722e-01	4.301937e-01	5.082779e-01	4.318195e-01	5.024163e-02	1.389066e-01	4.082325e-01	4.559459e-01	1.680922e-01	6.858367e-02	2.215261e-01	3.041693e-01	2.126830e-01	1.504114e-01	1.909435e-01	1.491520e-01	1.907123e-01	
3.309153e-01	3.316887e-01	3.897809e-01	2.411568e-01	3.188287e-01	3.064482e-01	3.517431e-01	4.455504e-01	3.424516e-01	2.524716e-01	4.974533e-01	2.562806e-01	3.346236e-01	2.449849e-01	3.815538e-01	3.570453e-01	5.261208e-01	2.993175e-01	4.103474e-01	3.074430e-01	3.281173e-01	4.516291e-01	2.764058e-01	3.464880e-01	3.756711e-01	3.635601e-01	3.094422e-01	2.842892e-01	2.812768e-01	3.149852e-01	3.875903e-01	3.412853e-01	3.094380e-01	3.833813e-01	2.666252e-01	4.185007e-01	4.830375e-01	3.345034e-01	3.420409e-01	3.963604e-01	3.385120e-01	3.506469e-01	3.773184e-01	3.490820e-01	3.491643e-01	2.834470e-01	2.954248e-01	3.035031e-01	3.595054e-01	3.099312e-01	3.568332e-01	3.730798e-01	4.387648e-01	2.870056e-01	3.013684e-01	3.129956e-01	3.144008e-01	3.971394e-01	3.197071e-01	2.541605e-01	3.276547e-01	3.024060e-01	2.898630e-01	2.335644e-01	3.538169e-01	2.326408e-01	3.112387e-01	3.619298e-01	4.947307e-01	2.929734e-01	3.386237e-01	3.792509e-01	3.841063e-01	3.098280e-01	4.571551e-01	3.015971e-01	3.141790e-01	2.701178e-01	2.822809e-01	3.561076e-01	2.865065e-01	4.937407e-01	4.789068e-01	3.446342e-01	3.230047e-01	3.406875e-01	3.065186e-01	3.405598e-01	3.273477e-01	3.410796e-01	3.295734e-01	3.643773e-01	3.767048e-01	3.074837e-01	2.474053e-01	3.276991e-01	2.883921e-01	3.245290e-01	2.935912e-01	3.756824e-01	1.961121e-01	2.186915e-01	2.680656e-01	4.269311e-01	3.497141e-01	3.750447e-01	2.785027e-01	2.521988e-01	3.283452e-01	3.597888e-01	3.039151e-01	2.688772e-01	2.785258e-01	3.202282e-01	3.246532e-01	3.040697e-01	3.368620e-01	2.858831e-01	4.022547e-01	3.436923e-01	3.657134e-01	4.080594e-01	5.313711e-02	1.299198e-01	3.185423e-01	3.664440e-01	1.553712e-01	3.370003e-02	1.915043e-01	2.781239e-01	1.810988e-01	1.452933e-01	1.831826e-01	1.196634e-01	1.338360e-01	
3.366019e-01	3.259496e-01	5.050627e-01	2.728680e-01	4.422524e-01	4.213854e-01	4.879115e-01	4.888031e-01	5.440332e-01	3.246066e-01	5.863709e-01	5.034514e-01	5.308253e-01	5.195843e-01	5.199497e-01	4.443044e-01	2.993175e-01	7.925015e-01	4.708059e-01	3.592213e-01	5.927325e-01	5.306846e-01	2.818781e-01	4.890085e-01	4.427119e-01	5.123051e-01	2.686056e-01	2.305719e-01	5.890238e-01	5.355413e-01	4.580615e-01	4.146725e-01	2.923305e-01	5.433583e-01	4.679394e-01	5.421149e-01	5.631458e-01	2.862638e-01	5.267513e-01	5.156655e-01	5.134228e-01	4.422723e-01	5.155438e-01	5.820606e-01	6.631520e-01	4.924019e-01	4.667812e-01	4.541228e-01	5.152371e-01	5.210254e-01	5.087855e-01	4.990482e-01	4.968497e-01	4.966770e-01	5.352201e-01	6.166493e-01	4.800026e-01	4.902737e-01	4.224699e-01	4.806712e-01	4.145434e-01	4.302350e-01	5.515291e-01	4.452023e-01	5.295234e-01	5.140939e-01	4.802009e-01	4.972844e-01	5.523727e-01	5.032344e-01	5.768394e-01	4.851539e-01	5.035489e-01	3.880967e-01	6.066781e-01	5.690784e-01	2.476579e-01	5.171223e-01	5.456297e-01	3.170439e-01	4.993792e-01	5.693072e-01	5.300706e-01	5.938190e-01	5.249123e-01	5.552213e-01	4.780838e-01	4.172565e-01	2.592466e-01	4.937334e-01	4.988697e-01	4.604184e-01	4.203399e-01	3.828274e-01	4.803338e-01	4.918605e-01	5.694165e-01	3.863015e-01	3.899453e-01	4.475208e-01	2.102417e-01	4.078536e-01	5.552265e-01	5.509377e-01	4.880291e-01	5.289938e-01	4.592070e-01	4.569272e-01	4.710102e-01	5.677961e-01	4.249186e-01	4.842877e-01	3.963839e-01	3.299967e-01	4.239527e-01	4.757082e-01	5.153583e-01	5.086169e-01	5.774983e-01	4.365087e-01	6.117282e-01	4.390602e-01	5.021304e-02	1.386010e-01	4.646915e-01	5.195554e-01	1.549316e-01	6.966185e-02	1.953408e-01	2.929165e-01	1.836168e-01	1.578936e-01	2.050768e-01	1.568259e-01	2.005559e-01	
4.989717e-01	3.733490e-01	6.173946e-01	3.415303e-01	5.442148e-01	5.877797e-01	6.516710e-01	7.961313e-01	4.559957e-01	3.467275e-01	9.690302e-01	3.867744e-01	5.086953e-01	3.636701e-01	6.609190e-01	4.557107e-01	4.103474e-01	4.708059e-01	9.208449e-01	4.665864e-01	4.796109e-01	8.077103e-01	3.470478e-01	5.773185e-01	4.950341e-01	6.440693e-01	3.393224e-01	3.024542e-01	4.799170e-01	4.719902e-01	5.859635e-01	4.414935e-01	3.609169e-01	4.861709e-01	4.441234e-01	7.544637e-01	8.479586e-01	3.876551e-01	5.413027e-01	6.621128e-01	5.062115e-01	6.307413e-01	6.888139e-01	5.566828e-01	5.444635e-01	5.359164e-01	5.614028e-01	5.461092e-01	4.754893e-01	4.281927e-01	6.860429e-01	6.905826e-01	8.312673e-01	4.547961e-01	4.496520e-01	4.806557e-01	4.285314e-01	7.781799e-01	4.267627e-01	4.188676e-01	4.079145e-01	6.161730e-01	3.987079e-01	3.556831e-01	4.584892e-01	3.754886e-01	4.957530e-01	5.659880e-01	8.783096e-01	4.531214e-01	4.742420e-01	6.391021e-01	7.380923e-01	4.791712e-01	8.136088e-01	4.152561e-01	3.329087e-01	3.937166e-01	4.576652e-01	4.090817e-01	4.264194e-01	9.150144e-01	8.945112e-01	5.322363e-01	6.044760e-01	4.460169e-01	4.171248e-01	4.399574e-01	3.523108e-01	6.449637e-01	6.205842e-01	6.229541e-01	4.790045e-01	5.710119e-01	3.525661e-01	6.375487e-01	4.483742e-01	6.006416e-01	5.041408e-01	4.677907e-01	2.843821e-01	3.416559e-01	4.202394e-01	7.247819e-01	6.352554e-01	4.711722e-01	3.811279e-01	3.766306e-01	5.411164e-01	5.032792e-01	5.722976e-01	4.350097e-01	5.487249e-01	4.016385e-01	5.843294e-01	4.174152e-01	4.846926e-01	4.258914e-01	5.869173e-01	4.133161e-01	5.297294e-01	7.551441e-01	8.187230e-02	1.683426e-01	5.925938e-01	6.443436e-01	2.268495e-01	8.959827e-02	2.366423e-01	4.402953e-01	2.651506e-01	2.208537e-01	2.515555e-01	1.352436e-01	2.378523e-01	
3.393502e-01	2.946166e-01	4.380976e-01	2.429942e-01	3.608684e-01	3.726925e-01	4.051505e-01	4.834623e-01	3.707571e-01	2.561892e-01	5.909168e-01	2.987690e-01	3.880074e-01	2.900837e-01	4.595452e-01	3.527810e-01	3.074430e-01	3.592213e-01	4.665864e-01	5.052394e-01	3.666373e-01	4.980771e-01	2.581714e-01	4.154215e-01	3.718850e-01	4.429199e-01	2.556505e-01	2.166812e-01	3.486420e-01	3.600485e-01	4.044159e-01	3.460415e-01	2.832601e-01	4.030111e-01	3.260681e-01	4.964232e-01	5.370624e-01	2.929235e-01	3.932047e-01	4.641179e-01	3.946670e-01	4.241954e-01	4.582030e-01	4.007372e-01	4.194566e-01	3.680367e-01	3.641167e-01	3.489176e-01	3.780340e-01	3.516080e-01	4.429586e-01	4.601123e-01	4.966164e-01	3.268181e-01	3.454632e-01	3.872285e-01	3.430385e-01	4.743804e-01	3.342444e-01	3.063561e-01	3.205311e-01	3.928554e-01	3.252705e-01	2.838770e-01	3.683813e-01	2.908546e-01	3.662410e-01	4.231838e-01	5.549183e-01	3.336326e-01	3.943658e-01	4.553240e-01	4.739323e-01	3.295035e-01	5.498836e-01	3.624526e-01	2.422433e-01	3.211356e-01	3.522880e-01	2.851967e-01	3.347683e-01	5.706097e-01	5.690856e-01	4.055749e-01	3.977516e-01	3.727165e-01	3.322805e-01	3.392298e-01	2.540754e-01	4.033479e-01	3.981262e-01	3.996134e-01	3.731620e-01	3.842894e-01	3.009034e-01	3.945818e-01	3.262682e-01	3.912707e-01	3.431868e-01	3.628730e-01	2.115372e-01	2.615893e-01	3.247644e-01	4.957255e-01	4.426107e-01	3.855245e-01	3.222751e-01	2.947594e-01	3.961807e-01	3.987467e-01	3.525904e-01	3.153281e-01	3.276831e-01	2.990065e-01	3.761319e-01	3.357689e-01	3.640026e-01	3.331899e-01	4.298187e-01	3.383639e-01	4.099070e-01	4.711472e-01	3.566430e-02	1.067042e-01	4.160884e-01	4.145819e-01	1.536510e-01	4.970953e-02	1.722630e-01	2.908007e-01	1.653575e-01	1.289470e-01	1.845699e-01	1.043822e-01	1.515372e-01	
3.614606e-01	3.530418e-01	5.174556e-01	2.848124e-01	4.765038e-01	4.599233e-01	5.172938e-01	5.379477e-01	5.496886e-01	3.378031e-01	6.082046e-01	4.867995e-01	5.218737e-01	5.096846e-01	5.274908e-01	4.581228e-01	3.281173e-01	5.927325e-01	4.796109e-01	3.666373e-01	8.176191e-01	5.880578e-01	3.051846e-01	4.975762e-01	4.650554e-01	5.089751e-01	3.067320e-01	2.577135e-01	5.908573e-01	5.475691e-01	4.892061e-01	4.394589e-01	3.014973e-01	5.416790e-01	4.493411e-01	5.622059e-01	6.048825e-01	3.023705e-01	5.263774e-01	5.140909e-01	4.953796e-01	4.354213e-01	5.326680e-01	6.001433e-01	6.706218e-01	5.033013e-01	5.031068e-01	4.732396e-01	5.124081e-01	5.323253e-01	5.125539e-01	5.124212e-01	5.301207e-01	5.047242e-01	5.376785e-01	6.168941e-01	4.887595e-01	5.304175e-01	4.176731e-01	4.900777e-01	4.210194e-01	4.255665e-01	5.563689e-01	4.516707e-01	5.072721e-01	5.064303e-01	4.816068e-01	5.036134e-01	5.886111e-01	4.858983e-01	5.687156e-01	4.836369e-01	4.979756e-01	3.922941e-01	6.080469e-01	5.634236e-01	2.725862e-01	5.346854e-01	5.480797e-01	3.619481e-01	4.972046e-01	5.976874e-01	5.808876e-01	5.874840e-01	5.514816e-01	5.637646e-01	4.878975e-01	4.130100e-01	2.790286e-01	5.366330e-01	5.347676e-01	4.899502e-01	4.269171e-01	3.998940e-01	4.799431e-01	5.270521e-01	5.994225e-01	4.033283e-01	3.926920e-01	4.438899e-01	2.121552e-01	4.249825e-01	5.411246e-01	5.598643e-01	5.033392e-01	5.214396e-01	4.434049e-01	4.534310e-01	4.849605e-01	5.864185e-01	4.505149e-01	5.133465e-01	4.373607e-01	3.464586e-01	4.305199e-01	4.911279e-01	5.278735e-01	5.611960e-01	5.956825e-01	4.217576e-01	6.083206e-01	4.718115e-01	7.106921e-02	1.426467e-01	4.799616e-01	5.483862e-01	1.785637e-01	9.042704e-02	2.225215e-01	3.272078e-01	1.939063e-01	1.876250e-01	2.104894e-01	1.494287e-01	2.124756e-01	
5.455844e-01	4.325341e-01	6.790320e-01	3.842170e-01	6.228858e-01	6.563758e-01	7.323837e-01	8.927904e-01	5.191916e-01	4.046408e-01	1.058559e+00	4.445019e-01	5.796299e-01	4.267549e-01	7.027173e-01	5.089090e-01	4.516291e-01	5.306846e-01	8.077103e-01	4.980771e-01	5.880578e-01	1.076248e+00	4.060462e-01	6.321344e-01	5.631274e-01	6.911930e-01	3.855767e-01	3.410798e-01	5.775481e-01	5.227002e-01	6.500552e-01	5.001175e-01	4.105445e-01	5.542698e-01	4.865597e-01	8.375409e-01	9.420780e-01	4.224430e-01	5.967362e-01	7.264178e-01	5.601877e-01	6.841063e-01	7.716769e-01	6.402752e-01	6.245707e-01	6.149138e-01	6.411094e-01	6.008776e-01	5.463075e-01	4.924587e-01	7.348335e-01	7.403595e-01	9.219966e-01	5.115327e-01	5.050213e-01	5.488751e-01	4.902320e-01	8.581699e-01	4.700329e-01	4.873872e-01	4.604844e-01	6.768205e-01	4.746721e-01	4.088903e-01	5.132410e-01	4.246095e-01	5.441615e-01	6.333351e-01	9.859353e-01	5.018450e-01	5.547850e-01	6.901248e-01	8.058101e-01	5.421409e-01	8.644322e-01	4.910650e-01	3.839959e-01	4.779545e-01	5.265610e-01	4.584310e-01	4.843521e-01	1.015545e+00	9.964474e-01	6.029883e-01	7.017794e-01	5.284067e-01	4.744475e-01	4.908554e-01	3.974640e-01	7.175481e-01	7.015787e-01	6.945329e-01	5.178735e-01	5.915905e-01	4.214348e-01	7.251980e-01	5.204156e-01	6.525641e-01	5.505540e-01	5.221280e-01	3.082445e-01	4.146349e-01	4.838161e-01	7.826986e-01	7.082856e-01	5.233902e-01	4.316250e-01	4.244856e-01	6.060272e-01	5.801794e-01	6.325434e-01	5.106089e-01	6.145961e-01	4.477877e-01	6.118591e-01	4.722306e-01	5.403218e-01	5.157423e-01	6.550728e-01	4.549641e-01	6.142886e-01	8.204085e-01	9.207372e-02	1.696035e-01	6.528320e-01	7.482407e-01	2.465849e-01	9.827932e-02	2.556980e-01	4.736979e-01	2.776690e-01	2.349229e-01	2.899935e-01	1.350865e-01	2.491789e-01	
