6.226854e-01	3.332203e-01	4.600889e-01	2.521029e-01	3.943241e-01	4.399093e-01	4.342886e-01	5.626364e-01	3.135034e-01	2.751383e-01	6.924840e-01	3.726758e-01	3.977881e-01	3.199657e-01	3.989777e-01	3.902198e-01	2.914753e-01	3.458781e-01	5.734591e-01	4.068044e-01	3.818179e-01	5.448619e-01	3.396456e-01	4.096453e-01	3.774118e-01	4.540378e-01	3.186485e-01	2.897905e-01	3.583349e-01	3.704456e-01	3.856214e-01	3.122638e-01	4.060836e-01	3.621250e-01	4.591250e-01	4.814549e-01	3.444544e-01	4.033095e-01	4.708673e-01	3.846734e-01	4.963729e-01	4.542292e-01	3.667738e-01	3.520885e-01	3.668323e-01	4.231574e-01	3.904660e-01	3.791007e-01	3.518882e-01	5.220739e-01	4.759696e-01	5.319027e-01	3.678831e-01	2.894132e-01	3.910545e-01	3.369901e-01	5.422654e-01	4.107918e-01	3.475285e-01	3.838556e-01	4.767086e-01	3.798524e-01	3.501450e-01	3.793110e-01	3.556599e-01	3.544646e-01	4.114880e-01	5.754165e-01	3.261282e-01	3.525350e-01	4.831214e-01	5.299233e-01	3.584175e-01	5.068574e-01	3.235430e-01	3.143698e-01	3.263568e-01	3.613390e-01	2.989674e-01	3.421612e-01	5.661872e-01	5.694169e-01	3.939232e-01	4.243047e-01	3.326140e-01	3.726049e-01	3.390876e-01	3.140525e-01	4.394383e-01	4.828610e-01	4.210233e-01	3.940739e-01	4.295212e-01	3.248315e-01	4.266513e-01	3.657231e-01	5.093242e-01	4.036735e-01	4.292503e-01	1.739065e-01	2.662558e-01	3.563016e-01	4.947521e-01	4.043014e-01	3.782002e-01	3.187585e-01	3.250877e-01	4.296807e-01	3.712742e-01	4.167619e-01	3.257364e-01	3.971511e-01	3.508436e-01	4.991708e-01	3.330345e-01	3.951994e-01	4.069423e-01	4.235706e-01	3.645885e-01	4.504990e-01	4.873420e-01	6.052444e-02	1.420773e-01	4.061928e-01	4.481871e-01	1.413107e-01	4.720439e-02	1.655139e-01	3.088687e-01	2.506377e-01	1.230287e-01	1.755919e-01	1.798560e-01	1.564854e-01	
3.332203e-01	4.996594e-01	3.375196e-01	2.280243e-01	2.785317e-01	3.064005e-01	2.812100e-01	3.987332e-01	2.344028e-01	2.339329e-01	4.841559e-01	2.668262e-01	2.967925e-01	2.413856e-01	2.908559e-01	3.185805e-01	2.421207e-01	2.622149e-01	4.095551e-01	3.170266e-01	2.761454e-01	3.799625e-01	2.731748e-01	2.936118e-01	3.351592e-01	3.202545e-01	2.817929e-01	2.809236e-01	2.500595e-01	2.565433e-01	3.178181e-01	2.829913e-01	3.074833e-01	2.641215e-01	3.129583e-01	3.453785e-01	3.045335e-01	2.851981e-01	3.285422e-01	2.816047e-01	3.437832e-01	3.179729e-01	2.631306e-01	2.683935e-01	2.624757e-01	2.976682e-01	2.812480e-01	3.032999e-01	2.553415e-01	3.621180e-01	3.317393e-01	3.667829e-01	2.904276e-01	2.176940e-01	3.062918e-01	2.617914e-01	3.766199e-01	3.443861e-01	2.488113e-01	3.023352e-01	3.201041e-01	2.710841e-01	2.273141e-01	2.841418e-01	2.501097e-01	2.470245e-01	2.949412e-01	4.290329e-01	2.458587e-01	2.573765e-01	3.495934e-01	3.761218e-01	2.618643e-01	3.575529e-01	2.639808e-01	2.684725e-01	2.487874e-01	2.533336e-01	2.397279e-01	2.533016e-01	4.064849e-01	3.868043e-01	3.005253e-01	2.906866e-01	2.541873e-01	2.668117e-01	2.823989e-01	2.771226e-01	3.069280e-01	3.422254e-01	2.934274e-01	3.223130e-01	3.082402e-01	2.521442e-01	3.006650e-01	2.541811e-01	3.397355e-01	2.864708e-01	3.637534e-01	1.487791e-01	1.857604e-01	2.454746e-01	3.512346e-01	2.794721e-01	3.117508e-01	2.417735e-01	2.370851e-01	3.188712e-01	2.802369e-01	2.854358e-01	2.261752e-01	2.846415e-01	2.988713e-01	3.702017e-01	2.416964e-01	3.078652e-01	2.911716e-01	3.311988e-01	2.876044e-01	3.359111e-01	3.266171e-01	6.666043e-02	1.298353e-01	2.848026e-01	3.253340e-01	1.203112e-01	2.434814e-02	1.367967e-01	2.325149e-01	2.121073e-01	8.361513e-02	1.362499e-01	1.377397e-01	1.367011e-01	
4.600889e-01	3.375196e-01	7.263776e-01	2.952450e-01	4.661318e-01	5.202095e-01	5.303706e-01	6.540877e-01	3.812393e-01	2.821520e-01	7.922072e-01	4.599248e-01	4.647650e-01	3.996127e-01	4.779104e-01	4.425545e-01	3.189585e-01	4.027255e-01	6.444626e-01	4.620744e-01	4.585041e-01	6.230305e-01	3.607596e-01	5.168846e-01	4.059720e-01	5.816577e-01	3.079114e-01	2.901790e-01	4.131419e-01	4.312111e-01	4.280043e-01	3.324687e-01	4.711891e-01	4.263614e-01	5.886822e-01	5.498644e-01	3.555793e-01	4.640540e-01	5.766933e-01	4.606443e-01	6.128689e-01	5.447300e-01	4.524827e-01	4.459492e-01	4.368344e-01	4.827676e-01	4.619972e-01	4.290573e-01	4.180160e-01	6.572489e-01	5.660808e-01	6.118563e-01	4.296971e-01	3.760637e-01	5.084346e-01	4.095490e-01	6.259394e-01	4.555323e-01	4.348813e-01	4.192550e-01	5.824110e-01	4.378168e-01	4.218948e-01	4.179144e-01	4.253082e-01	4.568911e-01	5.043655e-01	6.683045e-01	4.101765e-01	4.133807e-01	5.840226e-01	6.274990e-01	4.049043e-01	6.044851e-01	3.963949e-01	2.975377e-01	4.157144e-01	4.474465e-01	2.956198e-01	3.995095e-01	6.356754e-01	6.598564e-01	4.686199e-01	5.124824e-01	3.884053e-01	4.371372e-01	3.740849e-01	2.974260e-01	5.401958e-01	6.049610e-01	5.070429e-01	4.329614e-01	5.220823e-01	3.784815e-01	5.025968e-01	4.472701e-01	5.894463e-01	4.990774e-01	4.577619e-01	2.117998e-01	3.293404e-01	4.367848e-01	5.720675e-01	4.768212e-01	4.746962e-01	3.785908e-01	3.723694e-01	4.950724e-01	4.284731e-01	4.916869e-01	3.831851e-01	4.894682e-01	3.906250e-01	6.064076e-01	3.805942e-01	4.830201e-01	4.725637e-01	4.880348e-01	4.054073e-01	5.352640e-01	5.646853e-01	6.180238e-02	1.462050e-01	4.918321e-01	5.371285e-01	1.515044e-01	2.680581e-02	1.639381e-01	3.645937e-01	2.779421e-01	1.236863e-01	1.989987e-01	1.854059e-01	1.646635e-01	
2.521029e-01	2.280243e-01	2.952450e-01	3.749533e-01	2.754930e-01	3.051310e-01	3.078920e-01	3.543665e-01	2.221242e-01	1.779832e-01	4.277735e-01	2.630173e-01	2.479129e-01	2.418540e-01	2.388511e-01	2.761088e-01	1.849903e-01	2.595136e-01	3.509960e-01	2.653680e-01	2.633104e-01	3.329697e-01	2.175418e-01	2.675776e-01	2.364525e-01	2.944779e-01	2.261757e-01	2.065098e-01	2.438610e-01	2.395674e-01	2.418047e-01	2.081549e-01	2.616495e-01	2.512781e-01	2.879900e-01	3.021013e-01	2.320749e-01	2.650825e-01	2.907875e-01	2.497648e-01	3.127812e-01	2.775752e-01	2.661147e-01	2.672310e-01	2.484043e-01	2.878332e-01	2.847371e-01	2.495397e-01	2.557030e-01	3.300581e-01	2.736649e-01	3.194429e-01	2.595410e-01	2.158137e-01	2.855924e-01	2.450895e-01	3.124038e-01	2.586031e-01	2.417339e-01	2.614532e-01	2.961388e-01	2.809081e-01	2.403270e-01	2.590373e-01	2.613085e-01	2.305838e-01	2.649867e-01	3.502264e-01	2.271178e-01	2.568671e-01	2.891885e-01	3.197173e-01	2.227913e-01	2.985127e-01	2.540195e-01	2.003670e-01	2.776163e-01	2.599671e-01	1.961935e-01	2.339554e-01	3.482974e-01	3.477398e-01	2.773531e-01	3.074339e-01	2.417710e-01	2.554716e-01	2.330754e-01	1.936632e-01	2.972942e-01	3.405327e-01	2.927777e-01	2.550770e-01	2.760555e-01	2.495314e-01	2.926408e-01	2.570331e-01	2.919276e-01	2.682694e-01	3.005166e-01	1.293025e-01	1.872238e-01	2.734151e-01	2.885322e-01	2.441540e-01	2.699143e-01	2.212153e-01	2.275794e-01	2.691267e-01	2.600101e-01	2.874892e-01	2.340769e-01	2.635383e-01	2.342602e-01	3.087782e-01	2.130951e-01	2.836473e-01	2.797030e-01	2.771136e-01	2.494710e-01	3.298720e-01	2.740333e-01	4.395681e-02	8.864575e-02	2.538902e-01	3.031988e-01	9.217898e-02	2.462509e-02	1.013203e-01	1.884887e-01	1.648507e-01	7.935648e-02	1.061591e-01	1.028408e-01	1.234693e-01	
3.943241e-01	2.785317e-01	4.661318e-01	2.754930e-01	6.941145e-01	5.379976e-01	5.590106e-01	6.311001e-01	3.382979e-01	2.587155e-01	7.597055e-01	4.187703e-01	3.832746e-01	3.849221e-01	4.054839e-01	3.667467e-01	2.401240e-01	4.043732e-01	6.097100e-01	3.788460e-01	4.518997e-01	5.643649e-01	2.805535e-01	4.157637e-01	3.271918e-01	4.899692e-01	2.995205e-01	2.441811e-01	3.897239e-01	3.769975e-01	3.467479e-01	2.613033e-01	3.980009e-01	3.778774e-01	4.973802e-01	5.206041e-01	3.037143e-01	4.110753e-01	4.758117e-01	3.901592e-01	5.197478e-01	4.560994e-01	4.434205e-01	4.144843e-01	4.286364e-01	5.403993e-01	5.034349e-01	3.490614e-01	3.747115e-01	5.621465e-01	4.519098e-01	5.685883e-01	4.227442e-01	3.216048e-01	4.623470e-01	3.658620e-01	5.839127e-01	3.774684e-01	3.973441e-01	3.592698e-01	4.921662e-01	4.054841e-01	4.049845e-01	3.329700e-01	4.213479e-01	3.658331e-01	3.978721e-01	5.951443e-01	3.803113e-01	3.586537e-01	4.779246e-01	5.383448e-01	3.489390e-01	5.219735e-01	3.708955e-01	2.648693e-01	4.171029e-01	4.266933e-01	2.704370e-01	3.470578e-01	5.783457e-01	6.133012e-01	4.222297e-01	5.352871e-01	3.370762e-01	3.909081e-01	3.192851e-01	2.514288e-01	5.265256e-01	6.264185e-01	5.309299e-01	3.674572e-01	4.379498e-01	3.724898e-01	5.268346e-01	4.503872e-01	5.005819e-01	4.348726e-01	3.940301e-01	1.769765e-01	3.074034e-01	4.463963e-01	4.932550e-01	3.995158e-01	3.882551e-01	3.204836e-01	3.565911e-01	4.182895e-01	3.735959e-01	5.241937e-01	3.761051e-01	5.205533e-01	3.262925e-01	4.933765e-01	3.262218e-01	4.210837e-01	4.666871e-01	4.138310e-01	3.416168e-01	4.697379e-01	5.063625e-01	6.564762e-02	1.016405e-01	4.518723e-01	5.711323e-01	1.152147e-01	3.918362e-02	1.637057e-01	2.905353e-01	2.344364e-01	1.342195e-01	1.475676e-01	1.555337e-01	1.525429e-01	
4.399093e-01	3.064005e-01	5.202095e-01	3.051310e-01	5.379976e-01	7.660251e-01	5.933696e-01	6.776598e-01	3.631510e-01	2.682466e-01	8.157063e-01	4.466265e-01	4.331743e-01	3.941604e-01	4.578138e-01	3.994054e-01	2.744139e-01	4.203915e-01	6.665881e-01	4.458739e-01	4.792223e-01	6.181263e-01	3.249072e-01	4.903550e-01	3.682315e-01	5.398099e-01	3.206173e-01	2.658939e-01	4.151271e-01	4.164733e-01	4.006567e-01	2.953492e-01	4.499190e-01	4.304939e-01	5.688529e-01	5.733412e-01	3.358113e-01	4.683632e-01	5.403377e-01	4.636893e-01	5.873436e-01	5.271394e-01	4.686911e-01	4.497289e-01	4.523837e-01	5.483554e-01	5.293548e-01	4.072173e-01	4.234258e-01	6.415212e-01	5.188785e-01	6.256284e-01	4.483624e-01	3.621104e-01	4.705019e-01	4.179640e-01	6.375273e-01	4.019402e-01	4.302948e-01	3.856096e-01	5.622804e-01	4.346132e-01	4.128617e-01	3.680664e-01	4.474588e-01	4.249635e-01	4.737130e-01	6.663286e-01	3.955620e-01	4.063743e-01	5.321382e-01	5.988061e-01	3.984879e-01	5.704525e-01	3.928192e-01	2.993661e-01	4.263733e-01	4.433182e-01	2.826547e-01	4.016817e-01	6.444785e-01	6.735116e-01	4.761247e-01	5.545495e-01	3.707574e-01	4.409210e-01	3.381321e-01	2.720783e-01	5.634535e-01	6.700164e-01	5.607233e-01	4.119110e-01	4.801214e-01	3.926735e-01	5.542456e-01	4.763034e-01	5.642000e-01	4.782925e-01	4.380993e-01	1.961686e-01	3.258263e-01	4.697345e-01	5.620903e-01	4.577008e-01	4.297401e-01	3.582915e-01	3.841083e-01	4.668613e-01	4.194830e-01	5.558872e-01	3.985699e-01	5.562616e-01	3.631107e-01	5.776333e-01	3.827773e-01	4.710674e-01	4.998566e-01	4.664959e-01	3.666296e-01	5.140921e-01	5.659641e-01	7.147044e-02	1.184124e-01	5.040967e-01	5.942118e-01	1.222597e-01	3.565399e-02	1.609530e-01	3.258402e-01	2.506807e-01	1.228571e-01	1.596219e-01	1.546522e-01	1.709701e-01	
4.342886e-01	2.812100e-01	5.303706e-01	3.078920e-01	5.590106e-01	5.933696e-01	8.391587e-01	6.860297e-01	4.268188e-01	2.907147e-01	8.336984e-01	5.165933e-01	4.827444e-01	4.726607e-01	4.958442e-01	4.278900e-01	2.727417e-01	5.075563e-01	6.580507e-01	4.369135e-01	5.345977e-01	6.258299e-01	3.112106e-01	5.077068e-01	3.896221e-01	5.855532e-01	2.974476e-01	2.290867e-01	4.803519e-01	4.329497e-01	4.237392e-01	2.756874e-01	4.950951e-01	4.717738e-01	5.979669e-01	5.622637e-01	3.306956e-01	5.105916e-01	5.724528e-01	5.092112e-01	6.230517e-01	5.414829e-01	5.423517e-01	5.282590e-01	5.024322e-01	6.048546e-01	5.868016e-01	4.438079e-01	4.726567e-01	6.621786e-01	5.364427e-01	6.153269e-01	5.208571e-01	4.149169e-01	5.853482e-01	4.566203e-01	6.308316e-01	4.228228e-01	4.829616e-01	4.167674e-01	5.816317e-01	5.115483e-01	5.226145e-01	4.203474e-01	5.298450e-01	4.411078e-01	4.909269e-01	6.802418e-01	4.860626e-01	4.657034e-01	5.702269e-01	6.076003e-01	4.051769e-01	5.836833e-01	4.579366e-01	2.796744e-01	5.065555e-01	5.322192e-01	2.767061e-01	4.506702e-01	6.442214e-01	6.806278e-01	5.384326e-01	6.287010e-01	4.202101e-01	4.805987e-01	3.721631e-01	2.449344e-01	6.056225e-01	7.218260e-01	6.218212e-01	4.336073e-01	5.066616e-01	4.625300e-01	6.198693e-01	5.497381e-01	5.744491e-01	5.046844e-01	4.489116e-01	2.177668e-01	3.844632e-01	5.561115e-01	5.783476e-01	4.752291e-01	4.807815e-01	4.036966e-01	4.366616e-01	4.880888e-01	4.630189e-01	6.006403e-01	4.811620e-01	5.700169e-01	3.430675e-01	5.662398e-01	4.349227e-01	5.191972e-01	5.641149e-01	5.084667e-01	3.834297e-01	5.978204e-01	5.578715e-01	6.041914e-02	1.311755e-01	5.329416e-01	6.297642e-01	1.336578e-01	4.267274e-02	1.700260e-01	3.288994e-01	2.335382e-01	1.443372e-01	1.838238e-01	1.603714e-01	1.765549e-01	
5.626364e-01	3.987332e-01	6.540877e-01	3.543665e-01	6.311001e-01	6.776598e-01	6.860297e-01	1.040183e+00	4.390447e-01	3.285240e-01	1.036569e+00	5.266896e-01	5.337302e-01	4.508543e-01	5.863129e-01	4.794363e-01	3.750437e-01	4.852153e-01	8.517132e-01	5.581150e-01	5.299719e-01	8.156511e-01	4.085994e-01	5.954755e-01	4.605525e-01	7.049432e-01	3.861340e-01	3.451227e-01	4.913602e-01	5.310238e-01	4.749370e-01	3.994904e-01	5.352725e-01	4.840721e-01	7.226569e-01	7.392928e-01	4.088944e-01	5.647107e-01	7.162969e-01	5.531775e-01	7.644671e-01	6.664932e-01	5.522463e-01	5.271652e-01	5.452025e-01	6.353848e-01	5.985924e-01	4.910400e-01	4.833573e-01	8.202895e-01	6.855466e-01	7.951709e-01	5.208457e-01	4.357357e-01	5.678438e-01	4.757664e-01	8.196236e-01	5.240590e-01	4.951017e-01	4.833101e-01	7.146724e-01	4.984047e-01	4.884603e-01	4.677173e-01	5.040073e-01	5.290970e-01	5.868920e-01	8.731229e-01	4.958555e-01	4.672542e-01	6.880208e-01	7.861413e-01	5.072582e-01	7.633690e-01	4.438396e-01	3.664309e-01	4.806324e-01	5.351022e-01	3.666589e-01	4.637407e-01	8.370855e-01	8.864398e-01	5.577211e-01	6.590183e-01	4.298260e-01	5.026438e-01	4.208594e-01	3.555674e-01	6.806102e-01	7.815261e-01	6.477793e-01	5.216114e-01	6.205433e-01	4.588100e-01	6.512588e-01	5.380441e-01	7.405751e-01	6.298462e-01	5.345321e-01	2.338974e-01	3.792174e-01	5.255775e-01	7.311326e-01	5.884559e-01	5.219217e-01	4.177988e-01	4.384462e-01	6.085851e-01	5.018092e-01	6.657264e-01	4.736224e-01	6.493925e-01	4.485401e-01	7.303921e-01	4.398259e-01	5.422561e-01	5.630197e-01	5.430498e-01	4.472245e-01	6.036267e-01	7.344541e-01	7.112033e-02	1.643390e-01	6.113599e-01	6.893684e-01	1.518184e-01	4.993738e-02	2.013777e-01	4.287904e-01	3.009908e-01	1.525214e-01	2.255569e-01	2.164931e-01	1.935542e-01	
3.135034e-01	2.344028e-01	3.812393e-01	2.221242e-01	3.382979e-01	3.631510e-01	4.268188e-01	4.390447e-01	5.526377e-01	2.452474e-01	5.189082e-01	4.551480e-01	4.199636e-01	4.014599e-01	3.482018e-01	3.792575e-01	2.261973e-01	4.476344e-01	4.218009e-01	3.646519e-01	4.657709e-01	3.929948e-01	2.496291e-01	4.110159e-01	3.321339e-01	4.510681e-01	2.201130e-01	1.685123e-01	4.108644e-01	3.377100e-01	3.709268e-01	2.388724e-01	4.339796e-01	4.060881e-01	4.124382e-01	3.287185e-01	2.716102e-01	4.154027e-01	4.275285e-01	4.107571e-01	4.399080e-01	3.780083e-01	4.200700e-01	4.295879e-01	3.524156e-01	3.779890e-01	3.734750e-01	4.130376e-01	4.083081e-01	4.674193e-01	3.905528e-01	4.016894e-01	4.303447e-01	3.691453e-01	5.081234e-01	3.968042e-01	3.973361e-01	3.717918e-01	4.052018e-01	3.483948e-01	3.921698e-01	4.540546e-01	4.326790e-01	3.949404e-01	4.468342e-01	3.636347e-01	4.138328e-01	4.396405e-01	3.950318e-01	4.200654e-01	4.254794e-01	4.133299e-01	2.817367e-01	4.157652e-01	4.187995e-01	1.982433e-01	4.571733e-01	4.408850e-01	2.128194e-01	3.812171e-01	4.036329e-01	4.266722e-01	4.646821e-01	4.086374e-01	3.946511e-01	4.125727e-01	3.153152e-01	1.682831e-01	3.842655e-01	4.529995e-01	3.805997e-01	3.468820e-01	3.746127e-01	3.894415e-01	3.888167e-01	4.517356e-01	3.851343e-01	3.764082e-01	3.975469e-01	1.809316e-01	3.348491e-01	4.290967e-01	3.998100e-01	3.425753e-01	4.481639e-01	3.555080e-01	3.777974e-01	4.092678e-01	4.139932e-01	3.561440e-01	3.974353e-01	3.118621e-01	2.999642e-01	4.256297e-01	3.876946e-01	4.687816e-01	4.707437e-01	4.418251e-01	3.489417e-01	5.028945e-01	3.601471e-01	3.407564e-02	1.229527e-01	3.453884e-01	4.054631e-01	1.181494e-01	1.338422e-02	1.325325e-01	2.398592e-01	1.862033e-01	1.074254e-01	1.346061e-01	1.212768e-01	1.400178e-01	
2.751383e-01	2.339329e-01	2.821520e-01	1.779832e-01	2.587155e-01	2.682466e-01	2.907147e-01	3.285240e-01	2.452474e-01	4.020146e-01	4.138367e-01	2.855755e-01	2.925450e-01	2.588344e-01	2.547817e-01	2.933379e-01	2.006791e-01	2.862737e-01	3.406407e-01	2.662262e-01	3.034862e-01	3.139553e-01	2.148142e-01	2.888770e-01	2.751541e-01	2.809474e-01	2.079527e-01	2.055116e-01	2.716214e-01	2.447728e-01	2.826733e-01	2.032247e-01	2.780829e-01	2.598126e-01	2.786562e-01	2.704312e-01	2.293930e-01	2.854405e-01	2.930981e-01	2.721724e-01	2.849027e-01	2.728103e-01	2.638501e-01	2.813077e-01	2.469749e-01	2.978956e-01	2.737384e-01	2.856328e-01	2.623304e-01	3.258539e-01	2.784171e-01	3.098995e-01	2.857491e-01	2.376527e-01	3.178600e-01	2.637272e-01	3.105727e-01	2.788963e-01	2.540776e-01	2.802291e-01	2.850929e-01	2.959351e-01	2.686106e-01	2.775937e-01	2.698454e-01	2.317780e-01	2.826769e-01	3.364755e-01	2.420798e-01	2.576810e-01	3.106118e-01	3.121802e-01	2.332647e-01	3.047443e-01	2.829749e-01	1.994369e-01	2.811026e-01	2.760502e-01	1.706549e-01	2.706366e-01	3.220122e-01	3.364847e-01	2.824646e-01	2.988295e-01	2.695703e-01	2.739806e-01	2.529819e-01	1.825744e-01	2.848716e-01	3.303803e-01	2.778307e-01	2.852655e-01	2.705895e-01	2.528247e-01	2.777953e-01	2.831096e-01	2.865434e-01	2.599867e-01	3.113697e-01	1.310666e-01	2.104947e-01	2.778630e-01	2.918692e-01	2.457553e-01	3.095955e-01	2.403536e-01	2.379288e-01	2.870939e-01	2.602523e-01	2.685132e-01	2.403175e-01	2.384601e-01	2.434248e-01	3.039520e-01	2.510010e-01	3.129329e-01	3.095384e-01	3.138654e-01	2.546596e-01	3.421662e-01	2.779997e-01	5.299767e-02	9.364463e-02	2.528564e-01	2.945196e-01	1.187823e-01	1.390649e-02	1.092653e-01	1.839666e-01	1.722971e-01	8.229944e-02	1.143249e-01	1.203784e-01	1.090245e-01	
6.924840e-01	4.841559e-01	7.922072e-01	4.277735e-01	7.597055e-01	8.157063e-01	8.336984e-01	1.036569e+00	5.189082e-01	4.138367e-01	1.478460e+00	6.243139e-01	6.181916e-01	5.491722e-01	6.928931e-01	5.693603e-01	4.453468e-01	5.696619e-01	1.051552e+00	6.660101e-01	6.474404e-01	9.769863e-01	5.118946e-01	7.179275e-01	5.677389e-01	8.140628e-01	4.735652e-01	4.058754e-01	6.056883e-01	6.151896e-01	5.688170e-01	4.900352e-01	6.349755e-01	5.849960e-01	8.584052e-01	9.267822e-01	5.208766e-01	6.480078e-01	8.528057e-01	6.473976e-01	9.009544e-01	8.046657e-01	6.563298e-01	6.082381e-01	6.575984e-01	7.824175e-01	7.355792e-01	5.738038e-01	5.778417e-01	9.535126e-01	8.020481e-01	9.931780e-01	6.221494e-01	4.953088e-01	6.640795e-01	5.745802e-01	9.994651e-01	6.202354e-01	5.829379e-01	5.906988e-01	8.520076e-01	6.086849e-01	5.771417e-01	5.553516e-01	6.196670e-01	6.333893e-01	6.999995e-01	1.047540e+00	5.545041e-01	5.428437e-01	8.209111e-01	9.478314e-01	5.929575e-01	8.848232e-01	5.236885e-01	4.700756e-01	5.833108e-01	6.162024e-01	4.505872e-01	5.664942e-01	1.020410e+00	1.061458e+00	6.572971e-01	8.186533e-01	5.277144e-01	5.978871e-01	5.151463e-01	4.430276e-01	8.241131e-01	9.635902e-01	8.139842e-01	6.044307e-01	7.357785e-01	5.390108e-01	7.903218e-01	6.349295e-01	8.778501e-01	7.363314e-01	6.605022e-01	3.001330e-01	4.590558e-01	6.455132e-01	8.699471e-01	7.068097e-01	6.027540e-01	5.200987e-01	5.296332e-01	7.287830e-01	5.860743e-01	8.068040e-01	5.664008e-01	7.982425e-01	5.404459e-01	8.671993e-01	5.118686e-01	6.587191e-01	6.801959e-01	6.516898e-01	5.377408e-01	7.056658e-01	8.909975e-01	1.055859e-01	1.963398e-01	7.361150e-01	8.532090e-01	2.056131e-01	9.259751e-02	2.625858e-01	5.082521e-01	3.760619e-01	1.950237e-01	2.714609e-01	2.735097e-01	2.404904e-01	
3.726758e-01	2.668262e-01	4.599248e-01	2.630173e-01	4.187703e-01	4.466265e-01	5.165933e-01	5.266896e-01	4.551480e-01	2.855755e-01	6.243139e-01	7.022791e-01	4.811010e-01	4.669762e-01	4.168606e-01	4.524769e-01	2.575919e-01	5.153155e-01	4.985431e-01	4.237867e-01	5.387180e-01	4.962091e-01	2.897797e-01	4.801734e-01	3.923119e-01	5.179005e-01	2.814878e-01	2.154601e-01	4.754786e-01	4.215724e-01	4.393868e-01	2.657023e-01	4.833080e-01	4.563063e-01	4.859053e-01	3.949543e-01	3.164820e-01	4.727673e-01	5.043994e-01	4.700174e-01	5.110452e-01	4.359816e-01	5.011681e-01	4.985474e-01	4.261727e-01	4.628068e-01	4.549446e-01	4.763702e-01	4.874689e-01	5.316669e-01	4.710723e-01	4.872890e-01	5.036335e-01	4.350769e-01	5.963324e-01	4.638206e-01	4.857809e-01	4.315350e-01	4.688550e-01	4.034601e-01	4.720253e-01	5.261311e-01	4.996845e-01	4.635685e-01	5.231477e-01	4.175088e-01	4.805121e-01	5.313107e-01	4.564343e-01	4.797197e-01	4.990917e-01	4.815387e-01	3.301680e-01	4.900611e-01	4.978452e-01	2.438999e-01	5.351331e-01	5.050066e-01	2.531088e-01	4.503633e-01	4.647690e-01	5.182522e-01	5.276025e-01	4.890597e-01	4.561322e-01	4.656297e-01	3.735512e-01	2.160566e-01	4.768084e-01	5.495129e-01	4.675896e-01	4.068960e-01	4.390279e-01	4.537700e-01	4.712555e-01	5.279495e-01	4.619335e-01	4.464570e-01	4.643373e-01	2.184671e-01	3.646887e-01	5.231476e-01	4.763202e-01	3.931489e-01	5.035846e-01	4.136889e-01	4.343897e-01	4.616742e-01	4.662800e-01	4.412346e-01	4.566646e-01	3.887911e-01	3.488284e-01	4.927544e-01	4.365845e-01	5.227444e-01	5.533980e-01	5.106609e-01	4.059766e-01	5.900741e-01	4.331854e-01	4.555021e-02	1.587769e-01	4.241244e-01	4.807053e-01	1.593055e-01	2.259720e-02	1.721659e-01	2.899120e-01	2.487464e-01	1.373050e-01	1.696402e-01	1.726707e-01	1.866864e-01	
3.977881e-01	2.967925e-01	4.647650e-01	2.479129e-01	3.832746e-01	4.331743e-01	4.827444e-01	5.337302e-01	4.199636e-01	2.925450e-01	6.181916e-01	4.811010e-01	6.767718e-01	4.446331e-01	4.202883e-01	4.373423e-01	2.707978e-01	4.787194e-01	5.216580e-01	4.356460e-01	5.100492e-01	5.012854e-01	3.047576e-01	4.873947e-01	3.954647e-01	5.083286e-01	2.701216e-01	2.118417e-01	4.488299e-01	4.082974e-01	4.357427e-01	2.798756e-01	4.867433e-01	4.596187e-01	4.988462e-01	4.120761e-01	3.118361e-01	4.696224e-01	5.182216e-01	4.765507e-01	5.232000e-01	4.562722e-01	4.553522e-01	4.814182e-01	4.299560e-01	4.394179e-01	4.166063e-01	4.663797e-01	4.644598e-01	5.673682e-01	4.870427e-01	4.880987e-01	4.736773e-01	4.061413e-01	5.740570e-01	4.504242e-01	4.917975e-01	4.314189e-01	4.593234e-01	4.225988e-01	4.870287e-01	4.943339e-01	4.737272e-01	4.591021e-01	4.849370e-01	4.167484e-01	4.883949e-01	5.538864e-01	4.486726e-01	4.516154e-01	5.239203e-01	5.134441e-01	3.514303e-01	5.097766e-01	4.634579e-01	2.722038e-01	4.753798e-01	4.832493e-01	2.429853e-01	4.327652e-01	4.945391e-01	5.182697e-01	5.134626e-01	4.719235e-01	4.314395e-01	4.595579e-01	3.628183e-01	2.325832e-01	4.550039e-01	5.333243e-01	4.628776e-01	4.163026e-01	4.434918e-01	4.278181e-01	4.307595e-01	4.892419e-01	4.862277e-01	4.524215e-01	4.434994e-01	2.162448e-01	3.657121e-01	4.814907e-01	5.035308e-01	4.339051e-01	5.069605e-01	4.108292e-01	4.154967e-01	4.785827e-01	4.616443e-01	4.383897e-01	4.339526e-01	3.716768e-01	3.520226e-01	5.156354e-01	4.263453e-01	5.167613e-01	5.159606e-01	5.063218e-01	4.142572e-01	5.773121e-01	4.469839e-01	4.960751e-02	1.551453e-01	4.258584e-01	4.854240e-01	1.543708e-01	2.292177e-02	1.583893e-01	3.083258e-01	2.455979e-01	1.220510e-01	1.773536e-01	1.652245e-01	1.731422e-01	
3.199657e-01	2.413856e-01	3.996127e-01	2.418540e-01	3.849221e-01	3.941604e-01	4.726607e-01	4.508543e-01	4.014599e-01	2.588344e-01	5.491722e-01	4.669762e-01	4.446331e-01	6.299178e-01	3.759307e-01	3.968368e-01	2.185686e-01	4.911445e-01	4.449172e-01	3.821297e-01	4.895945e-01	4.271440e-01	2.514138e-01	4.045945e-01	3.437716e-01	4.536884e-01	2.365252e-01	1.788830e-01	4.519090e-01	3.541129e-01	3.975293e-01	2.138561e-01	4.508690e-01	4.205326e-01	4.119722e-01	3.318852e-01	2.847588e-01	4.159408e-01	4.336385e-01	4.388247e-01	4.483159e-01	3.826629e-01	4.768500e-01	4.811121e-01	3.878842e-01	4.526897e-01	4.281912e-01	4.205476e-01	4.317047e-01	4.775758e-01	3.958836e-01	4.206759e-01	4.644859e-01	3.768117e-01	5.615226e-01	4.094758e-01	4.241746e-01	3.824350e-01	4.378921e-01	3.587925e-01	4.081595e-01	5.106574e-01	4.659313e-01	3.960716e-01	4.967723e-01	3.607047e-01	4.140612e-01	4.535428e-01	4.207047e-01	4.347957e-01	4.585105e-01	4.204094e-01	2.877637e-01	4.168903e-01	4.603477e-01	2.127672e-01	4.957097e-01	4.909482e-01	2.140290e-01	4.076223e-01	4.070230e-01	4.306787e-01	4.868138e-01	4.640961e-01	4.063831e-01	4.431165e-01	3.218542e-01	1.814406e-01	4.427624e-01	5.075173e-01	4.472879e-01	3.686542e-01	3.815345e-01	4.270626e-01	4.271810e-01	4.829995e-01	3.937330e-01	3.885626e-01	3.816863e-01	2.056493e-01	3.363099e-01	4.868208e-01	4.330159e-01	3.622388e-01	4.591031e-01	3.761476e-01	4.142308e-01	4.099753e-01	4.146247e-01	4.208910e-01	4.343554e-01	3.591683e-01	3.028592e-01	4.403259e-01	4.028415e-01	4.679805e-01	5.119381e-01	4.627187e-01	3.626741e-01	5.395869e-01	3.654699e-01	4.306079e-02	1.392594e-01	3.747402e-01	4.672955e-01	1.544233e-01	1.693567e-02	1.504435e-01	2.584514e-01	2.184562e-01	1.263437e-01	1.543316e-01	1.504672e-01	1.589137e-01	
3.989777e-01	2.908559e-01	4.779104e-01	2.388511e-01	4.054839e-01	4.578138e-01	4.958442e-01	5.863129e-01	3.482018e-01	2.547817e-01	6.928931e-01	4.168606e-01	4.202883e-01	3.759307e-01	6.111489e-01	3.846300e-01	2.746280e-01	3.842378e-01	5.588412e-01	4.245283e-01	4.229284e-01	5.386016e-01	3.074408e-01	4.609490e-01	3.580992e-01	5.179023e-01	2.577369e-01	2.268908e-01	3.777197e-01	3.851252e-01	3.851753e-01	2.761660e-01	4.272943e-01	3.948620e-01	5.122250e-01	4.782599e-01	3.076313e-01	4.295201e-01	5.138186e-01	4.386604e-01	5.533793e-01	4.839690e-01	4.229169e-01	4.150536e-01	4.014494e-01	4.369410e-01	4.206150e-01	3.968097e-01	3.892692e-01	6.051318e-01	5.074059e-01	5.336434e-01	4.070184e-01	3.461633e-01	4.818236e-01	3.836875e-01	5.495760e-01	4.030053e-01	3.967549e-01	3.650526e-01	5.187249e-01	3.940613e-01	4.001331e-01	3.767678e-01	4.042653e-01	3.994877e-01	4.717394e-01	5.993928e-01	3.945457e-01	3.844178e-01	5.271905e-01	5.442817e-01	3.582883e-01	5.304648e-01	3.708888e-01	2.638028e-01	3.853706e-01	4.227413e-01	2.400308e-01	3.717921e-01	5.549636e-01	5.844259e-01	4.376053e-01	4.670939e-01	3.435915e-01	3.952799e-01	3.135950e-01	2.362320e-01	4.754644e-01	5.443583e-01	4.564789e-01	3.848641e-01	4.588373e-01	3.444572e-01	4.554815e-01	4.113274e-01	5.231645e-01	4.699757e-01	4.087006e-01	1.860664e-01	3.019808e-01	4.092528e-01	5.261644e-01	4.468515e-01	4.277772e-01	3.409548e-01	3.507860e-01	4.557413e-01	3.950765e-01	4.332524e-01	3.645031e-01	4.381434e-01	3.287685e-01	5.438755e-01	3.636275e-01	4.416821e-01	4.512561e-01	4.552745e-01	3.564325e-01	4.831383e-01	4.956398e-01	4.442137e-02	1.270583e-01	4.467745e-01	4.906244e-01	1.291574e-01	2.604468e-02	1.486647e-01	3.122406e-01	2.265977e-01	9.950102e-02	1.638348e-01	1.559300e-01	1.501103e-01	
3.902198e-01	3.185805e-01	4.425545e-01	2.761088e-01	3.667467e-01	3.994054e-01	4.278900e-01	4.794363e-01	3.792575e-01	2.933379e-01	5.693603e-01	4.524769e-01	4.373423e-01	3.968368e-01	3.846300e-01	6.341190e-01	2.991078e-01	4.294530e-01	4.814744e-01	4.104089e-01	4.476519e-01	4.611664e-01	3.139157e-01	4.209704e-01	4.075899e-01	4.578537e-01	2.923303e-01	2.591210e-01	3.875137e-01	3.710385e-01	4.447092e-01	2.891696e-01	4.528896e-01	4.148968e-01	4.165574e-01	3.716245e-01	3.387822e-01	4.286329e-01	4.665449e-01	4.326352e-01	4.743428e-01	4.300684e-01	4.104004e-01	4.329805e-01	3.745422e-01	3.949522e-01	4.007015e-01	4.298043e-01	4.128894e-01	4.924387e-01	4.409217e-01	4.508427e-01	4.430339e-01	3.630839e-01	5.129501e-01	4.043155e-01	4.429580e-01	4.255891e-01	4.140161e-01	4.119740e-01	4.293718e-01	4.571071e-01	4.116504e-01	4.440043e-01	4.174859e-01	3.732914e-01	4.373871e-01	5.098578e-01	4.025930e-01	4.146448e-01	4.692692e-01	4.550114e-01	3.140796e-01	4.559400e-01	4.248802e-01	2.965908e-01	4.350135e-01	4.238227e-01	2.583171e-01	4.029699e-01	4.581590e-01	4.523584e-01	4.469117e-01	4.147289e-01	4.037093e-01	4.324731e-01	3.763204e-01	2.474295e-01	4.176155e-01	4.812318e-01	3.989883e-01	4.142485e-01	4.166110e-01	3.817718e-01	4.076692e-01	4.220413e-01	4.370558e-01	3.914131e-01	4.650533e-01	1.957597e-01	3.011514e-01	4.126748e-01	4.562333e-01	3.836609e-01	4.732986e-01	3.574569e-01	3.703894e-01	4.320076e-01	4.177466e-01	3.772616e-01	3.735272e-01	3.548477e-01	3.501776e-01	4.880159e-01	3.801288e-01	4.923744e-01	4.608603e-01	4.828938e-01	4.085871e-01	5.154604e-01	3.909751e-01	5.554921e-02	1.271952e-01	3.744490e-01	4.314467e-01	1.616336e-01	7.043871e-03	1.640634e-01	2.991857e-01	2.535700e-01	9.695922e-02	1.632901e-01	1.546955e-01	1.669817e-01	
2.914753e-01	2.421207e-01	3.189585e-01	1.849903e-01	2.401240e-01	2.744139e-01	2.727417e-01	3.750437e-01	2.261973e-01	2.006791e-01	4.453468e-01	2.575919e-01	2.707978e-01	2.185686e-01	2.746280e-01	2.991078e-01	4.028155e-01	2.409792e-01	3.620257e-01	3.067329e-01	2.487338e-01	3.432765e-01	2.542010e-01	2.753625e-01	2.731157e-01	3.251722e-01	2.338162e-01	2.250813e-01	2.198975e-01	2.517307e-01	2.837125e-01	2.362144e-01	2.756162e-01	2.356984e-01	3.054353e-01	3.151629e-01	2.576393e-01	2.721553e-01	3.352008e-01	2.668305e-01	3.387365e-01	2.952660e-01	2.559145e-01	2.536427e-01	2.437607e-01	2.541995e-01	2.560163e-01	2.716428e-01	2.509276e-01	3.512809e-01	3.307516e-01	3.403297e-01	2.492141e-01	2.161957e-01	2.814600e-01	2.370496e-01	3.545861e-01	2.931266e-01	2.299837e-01	2.827522e-01	3.166454e-01	2.488813e-01	2.303480e-01	2.824953e-01	2.225018e-01	2.588178e-01	2.985198e-01	3.838669e-01	2.330166e-01	2.373418e-01	3.282188e-01	3.424344e-01	2.362956e-01	3.260759e-01	2.374146e-01	2.445680e-01	2.355749e-01	2.256240e-01	2.167963e-01	2.286684e-01	3.778430e-01	3.635129e-01	2.586422e-01	2.748871e-01	2.425079e-01	2.590249e-01	2.535130e-01	2.225057e-01	2.939073e-01	3.098443e-01	2.525900e-01	3.002210e-01	3.047228e-01	2.343050e-01	2.742268e-01	2.232914e-01	3.359494e-01	2.808967e-01	3.352512e-01	1.226245e-01	1.708015e-01	2.335746e-01	3.275635e-01	2.802078e-01	2.889921e-01	2.295990e-01	2.120421e-01	2.913732e-01	2.596733e-01	2.609802e-01	2.269464e-01	2.570026e-01	2.663701e-01	3.449584e-01	2.227159e-01	2.944088e-01	2.608344e-01	2.975542e-01	2.725913e-01	3.199164e-01	3.078487e-01	5.109840e-02	9.807725e-02	2.660276e-01	2.772277e-01	1.105619e-01	2.484946e-02	1.151593e-01	2.201288e-01	1.898554e-01	7.350199e-02	1.338904e-01	1.186692e-01	1.138154e-01	
3.458781e-01	2.622149e-01	4.027255e-01	2.595136e-01	4.043732e-01	4.203915e-01	5.075563e-01	4.852153e-01	4.476344e-01	2.862737e-01	5.696619e-01	5.153155e-01	4.787194e-01	4.911445e-01	3.842378e-01	4.294530e-01	2.409792e-01	7.143979e-01	4.615231e-01	3.992216e-01	5.384291e-01	4.404335e-01	2.562350e-01	4.526251e-01	3.746910e-01	4.720559e-01	2.684120e-01	1.932239e-01	5.003272e-01	3.676620e-01	4.209000e-01	2.293780e-01	4.781963e-01	4.496864e-01	4.364386e-01	3.453709e-01	2.949207e-01	4.560334e-01	4.558735e-01	4.775983e-01	4.690037e-01	4.143288e-01	4.969017e-01	5.162866e-01	4.259475e-01	4.731321e-01	4.591342e-01	4.613103e-01	4.805394e-01	4.873192e-01	4.056639e-01	4.273084e-01	5.191219e-01	4.197543e-01	6.137830e-01	4.442865e-01	4.393141e-01	4.202985e-01	4.739128e-01	3.928347e-01	4.219839e-01	5.438240e-01	5.130098e-01	4.307641e-01	5.341513e-01	3.873438e-01	4.514453e-01	4.790830e-01	4.603456e-01	4.806353e-01	4.712394e-01	4.479790e-01	3.097764e-01	4.435693e-01	5.113160e-01	2.324812e-01	5.361744e-01	5.100248e-01	2.406791e-01	4.454439e-01	4.197178e-01	4.437700e-01	5.253535e-01	4.868321e-01	4.474451e-01	4.676239e-01	3.654044e-01	1.882039e-01	4.550053e-01	5.422523e-01	4.611139e-01	3.866861e-01	3.907681e-01	4.687653e-01	4.556362e-01	5.338322e-01	4.101651e-01	4.191623e-01	4.359631e-01	2.081898e-01	3.763278e-01	5.250061e-01	4.512477e-01	3.697796e-01	4.960916e-01	4.090459e-01	4.484083e-01	4.342360e-01	4.604755e-01	4.234990e-01	4.603381e-01	3.648709e-01	3.267134e-01	4.580008e-01	4.401013e-01	5.118244e-01	5.506302e-01	4.964339e-01	3.884067e-01	5.967046e-01	3.798792e-01	5.650200e-02	1.579598e-01	3.925872e-01	4.867160e-01	1.427956e-01	1.501020e-02	1.643408e-01	2.619536e-01	2.323882e-01	1.411856e-01	1.511869e-01	1.626222e-01	1.784677e-01	
5.734591e-01	4.095551e-01	6.444626e-01	3.509960e-01	6.097100e-01	6.665881e-01	6.580507e-01	8.517132e-01	4.218009e-01	3.406407e-01	1.051552e+00	4.985431e-01	5.216580e-01	4.449172e-01	5.588412e-01	4.814744e-01	3.620257e-01	4.615231e-01	1.044454e+00	5.456462e-01	5.299443e-01	8.055969e-01	4.068060e-01	5.812776e-01	4.637173e-01	6.672129e-01	3.756252e-01	3.340368e-01	4.841959e-01	4.906943e-01	4.783847e-01	4.041882e-01	5.091750e-01	4.743556e-01	6.978811e-01	7.559697e-01	4.169952e-01	5.387004e-01	6.883034e-01	5.266733e-01	7.374506e-01	6.630313e-01	5.270483e-01	5.117060e-01	5.317838e-01	6.331390e-01	6.044576e-01	4.673542e-01	4.664748e-01	7.824381e-01	6.733893e-01	8.032207e-01	4.948311e-01	4.119183e-01	5.290852e-01	4.461687e-01	8.088639e-01	5.167432e-01	4.695938e-01	4.818241e-01	7.089958e-01	5.009245e-01	4.554014e-01	4.602915e-01	4.885917e-01	5.236165e-01	5.574264e-01	8.595791e-01	4.605677e-01	4.421890e-01	6.681710e-01	7.811219e-01	5.007974e-01	7.331563e-01	4.287369e-01	3.743333e-01	4.571072e-01	5.056005e-01	3.815909e-01	4.622285e-01	8.368879e-01	8.712971e-01	5.296941e-01	6.541431e-01	4.136914e-01	4.878424e-01	4.212984e-01	3.543781e-01	6.623999e-01	7.630624e-01	6.536148e-01	4.996395e-01	5.937777e-01	4.335863e-01	6.400109e-01	5.259371e-01	7.410168e-01	6.126983e-01	5.198393e-01	2.514945e-01	3.739210e-01	5.252883e-01	7.212078e-01	5.837291e-01	5.015948e-01	4.047987e-01	4.346892e-01	5.842465e-01	4.911759e-01	6.562783e-01	4.762285e-01	6.400228e-01	4.533858e-01	7.038494e-01	4.164731e-01	5.290045e-01	5.519009e-01	5.321686e-01	4.462507e-01	5.765624e-01	7.202879e-01	9.681507e-02	1.703829e-01	6.041622e-01	6.912115e-01	1.665077e-01	5.353044e-02	2.058237e-01	4.311870e-01	3.094142e-01	1.645560e-01	2.317013e-01	2.202126e-01	1.927043e-01	
4.068044e-01	3.170266e-01	4.620744e-01	2.653680e-01	3.788460e-01	4.458739e-01	4.369135e-01	5.581150e-01	3.646519e-01	2.662262e-01	6.660101e-01	4.237867e-01	4.356460e-01	3.821297e-01	4.245283e-01	4.104089e-01	3.067329e-01	3.992216e-01	5.456462e-01	6.360171e-01	4.141548e-01	5.112589e-01	3.359103e-01	4.546380e-01	3.934852e-01	5.081409e-01	2.978151e-01	2.637006e-01	3.644831e-01	3.928444e-01	4.242470e-01	3.053504e-01	4.410911e-01	3.899941e-01	4.902952e-01	4.618388e-01	3.427155e-01	4.260652e-01	5.106504e-01	4.532582e-01	5.237960e-01	4.608941e-01	4.142308e-01	3.921054e-01	3.784651e-01	4.075914e-01	3.870583e-01	4.175958e-01	3.975035e-01	5.483316e-01	5.026934e-01	5.142600e-01	4.038437e-01	3.359007e-01	4.578586e-01	3.930915e-01	5.267744e-01	4.169146e-01	3.722470e-01	3.995950e-01	4.844419e-01	3.944668e-01	3.755297e-01	4.131935e-01	3.900248e-01	3.986472e-01	4.859653e-01	5.723442e-01	3.792930e-01	3.927056e-01	5.217653e-01	5.332341e-01	3.299841e-01	5.231521e-01	3.777757e-01	2.869313e-01	3.866131e-01	3.807126e-01	2.715143e-01	3.756107e-01	5.401703e-01	5.606819e-01	4.433214e-01	4.303280e-01	3.699278e-01	3.921528e-01	3.399236e-01	2.677911e-01	4.462881e-01	4.955198e-01	4.148006e-01	4.133742e-01	4.522090e-01	3.516414e-01	4.082782e-01	3.863840e-01	4.977464e-01	4.401277e-01	4.590973e-01	1.969607e-01	2.904208e-01	3.904910e-01	5.094960e-01	4.455682e-01	4.492937e-01	3.609645e-01	3.491768e-01	4.672310e-01	4.077353e-01	4.014975e-01	3.548496e-01	3.838490e-01	3.621332e-01	5.395762e-01	3.707578e-01	4.521411e-01	4.347994e-01	4.606117e-01	3.818993e-01	4.941018e-01	4.639102e-01	6.462371e-02	1.563896e-01	4.157674e-01	4.532929e-01	1.635784e-01	3.274780e-02	1.687241e-01	3.271484e-01	2.643969e-01	1.183317e-01	1.734231e-01	1.887475e-01	1.785098e-01	
3.818179e-01	2.761454e-01	4.585041e-01	2.633104e-01	4.518997e-01	4.792223e-01	5.345977e-01	5.299719e-01	4.657709e-01	3.034862e-01	6.474404e-01	5.387180e-01	5.100492e-01	4.895945e-01	4.229284e-01	4.476519e-01	2.487338e-01	5.384291e-01	5.299443e-01	4.141548e-01	7.663573e-01	5.001288e-01	2.811290e-01	4.830974e-01	3.850629e-01	5.166702e-01	2.438935e-01	1.985382e-01	5.287574e-01	4.133348e-01	4.422550e-01	2.484614e-01	5.133779e-01	4.746435e-01	5.009765e-01	3.909949e-01	3.127210e-01	4.885311e-01	5.068794e-01	4.818970e-01	5.069249e-01	4.639078e-01	5.143258e-01	5.276927e-01	4.443753e-01	5.034672e-01	4.982839e-01	4.919119e-01	5.068905e-01	5.693351e-01	4.578380e-01	5.041213e-01	5.239004e-01	4.452253e-01	6.352313e-01	4.660488e-01	4.951652e-01	4.402968e-01	5.086214e-01	4.330109e-01	4.750798e-01	5.576249e-01	5.397876e-01	4.532857e-01	5.585656e-01	4.398217e-01	4.826848e-01	5.355165e-01	4.893986e-01	4.870692e-01	5.113761e-01	4.984982e-01	3.409642e-01	4.869300e-01	5.119981e-01	2.468615e-01	5.553568e-01	5.375804e-01	2.408289e-01	4.623144e-01	4.817679e-01	5.381065e-01	5.504164e-01	5.192071e-01	4.779227e-01	4.923130e-01	3.676412e-01	1.851355e-01	4.832719e-01	5.981793e-01	5.058060e-01	4.028657e-01	4.400160e-01	4.570599e-01	4.975363e-01	5.837636e-01	4.777796e-01	4.581866e-01	4.524291e-01	2.194054e-01	4.042864e-01	5.411670e-01	4.943974e-01	4.152529e-01	5.101016e-01	4.279181e-01	4.517082e-01	4.715699e-01	4.623113e-01	4.811243e-01	4.847733e-01	4.257692e-01	3.343328e-01	5.156597e-01	4.731390e-01	5.449137e-01	5.888774e-01	5.183692e-01	4.142927e-01	6.083671e-01	4.242988e-01	6.714207e-02	1.634414e-01	4.440284e-01	5.427166e-01	1.674470e-01	2.194859e-02	1.806962e-01	2.864280e-01	2.486541e-01	1.569466e-01	1.742608e-01	1.712596e-01	1.870673e-01	
5.448619e-01	3.799625e-01	6.230305e-01	3.329697e-01	5.643649e-01	6.181263e-01	6.258299e-01	8.156511e-01	3.929948e-01	3.139553e-01	9.769863e-01	4.962091e-01	5.012854e-01	4.271440e-01	5.386016e-01	4.611664e-01	3.432765e-01	4.404335e-01	8.055969e-01	5.112589e-01	5.001288e-01	9.230052e-01	4.001775e-01	5.676014e-01	4.399798e-01	6.345328e-01	3.621849e-01	3.270917e-01	4.601578e-01	4.868189e-01	4.566962e-01	3.663759e-01	4.895286e-01	4.476639e-01	6.687101e-01	6.913277e-01	3.979978e-01	5.158605e-01	6.486798e-01	5.053880e-01	6.984062e-01	6.184927e-01	5.116704e-01	4.962648e-01	5.037942e-01	5.864462e-01	5.571754e-01	4.552836e-01	4.553066e-01	7.451009e-01	6.407264e-01	7.580562e-01	4.669849e-01	3.946884e-01	5.260072e-01	4.392556e-01	7.647723e-01	4.922057e-01	4.577542e-01	4.674338e-01	6.568306e-01	4.792193e-01	4.406890e-01	4.448917e-01	4.715073e-01	5.025020e-01	5.421703e-01	8.159172e-01	4.434187e-01	4.295017e-01	6.305864e-01	7.366120e-01	4.740037e-01	7.037700e-01	4.152472e-01	3.435364e-01	4.454927e-01	4.831912e-01	3.541476e-01	4.348332e-01	7.776778e-01	8.110970e-01	5.182820e-01	6.122846e-01	4.129900e-01	4.670047e-01	4.109891e-01	3.405756e-01	6.282031e-01	7.181485e-01	5.997231e-01	4.755309e-01	5.738717e-01	4.214834e-01	5.960270e-01	4.951025e-01	6.830299e-01	5.794758e-01	4.967875e-01	2.355836e-01	3.560957e-01	5.003443e-01	6.730312e-01	5.405092e-01	4.814251e-01	3.993571e-01	4.160775e-01	5.590468e-01	4.702711e-01	6.114067e-01	4.388670e-01	6.007347e-01	4.301520e-01	6.693151e-01	4.046221e-01	4.992213e-01	5.242097e-01	4.987157e-01	4.325803e-01	5.672300e-01	6.837215e-01	8.554722e-02	1.790679e-01	5.656013e-01	6.521507e-01	1.678271e-01	6.035146e-02	2.156779e-01	4.050430e-01	3.059229e-01	1.590494e-01	2.341079e-01	2.174491e-01	2.023372e-01	
