6.557884e-01	3.517241e-01	5.057844e-01	2.466596e-01	3.948124e-01	4.279180e-01	4.531782e-01	6.078245e-01	4.003777e-01	2.643769e-01	5.434482e-01	3.563542e-01	3.941285e-01	3.176658e-01	4.623302e-01	3.876668e-01	3.453812e-01	3.589961e-01	5.739713e-01	3.991169e-01	3.818161e-01	5.615889e-01	3.052922e-01	4.034432e-01	3.821022e-01	5.373164e-01	3.372359e-01	3.031022e-01	3.025553e-01	3.819447e-01	3.652396e-01	3.342820e-01	3.760849e-01	3.217683e-01	5.725355e-01	5.440314e-01	3.405429e-01	4.303222e-01	5.307926e-01	3.947707e-01	4.427194e-01	5.164411e-01	3.939598e-01	3.703966e-01	3.939062e-01	4.359820e-01	4.377199e-01	3.929722e-01	3.969479e-01	5.355698e-01	5.515602e-01	5.858905e-01	3.253266e-01	3.487180e-01	4.063582e-01	4.049256e-01	5.733207e-01	4.157245e-01	3.336693e-01	4.167481e-01	4.976683e-01	3.365230e-01	3.493746e-01	4.089557e-01	3.453449e-01	4.157594e-01	3.696603e-01	5.774390e-01	2.845638e-01	4.090905e-01	5.227767e-01	5.189998e-01	3.967575e-01	5.854391e-01	3.132102e-01	3.076378e-01	3.385094e-01	3.537667e-01	3.314767e-01	3.486184e-01	5.971646e-01	5.917571e-01	3.780451e-01	4.671618e-01	3.851708e-01	3.786959e-01	3.983005e-01	2.935072e-01	3.925808e-01	5.934540e-01	4.499251e-01	4.438209e-01	4.400939e-01	3.348059e-01	4.294591e-01	3.880172e-01	5.123653e-01	4.196679e-01	3.920516e-01	2.327331e-01	2.775678e-01	3.217692e-01	5.363576e-01	4.542560e-01	4.307476e-01	3.430988e-01	3.115945e-01	4.145372e-01	4.089877e-01	4.873893e-01	3.633262e-01	4.416847e-01	3.195219e-01	4.612498e-01	2.713301e-01	4.367943e-01	3.290607e-01	4.590725e-01	3.740824e-01	4.433673e-01	5.324163e-01	3.223986e-02	1.708447e-01	4.689755e-01	4.557421e-01	1.946642e-01	7.809714e-02	2.094737e-01	3.514317e-01	2.937228e-01	1.644459e-01	1.923790e-01	1.479204e-01	1.845263e-01	
3.517241e-01	5.044005e-01	3.591004e-01	2.000665e-01	2.810150e-01	2.950124e-01	3.305083e-01	4.373844e-01	3.009956e-01	2.137314e-01	3.751780e-01	2.867018e-01	2.873645e-01	2.477617e-01	3.102005e-01	3.375622e-01	2.606067e-01	2.816367e-01	4.060706e-01	3.029049e-01	3.077112e-01	4.049067e-01	2.778159e-01	2.682841e-01	3.176092e-01	3.394997e-01	3.210630e-01	2.906766e-01	2.195757e-01	2.601779e-01	3.119908e-01	2.618566e-01	3.060197e-01	2.489928e-01	3.798272e-01	3.759759e-01	2.892365e-01	3.053733e-01	3.610064e-01	2.750736e-01	2.908345e-01	3.414772e-01	2.798904e-01	2.830771e-01	2.912542e-01	3.321558e-01	3.246142e-01	3.061131e-01	3.175405e-01	3.390858e-01	3.680543e-01	4.026526e-01	2.714508e-01	2.793329e-01	2.920541e-01	3.089944e-01	3.860725e-01	3.393055e-01	2.886102e-01	3.416340e-01	3.136911e-01	2.685392e-01	2.477558e-01	3.205917e-01	2.662028e-01	3.018848e-01	2.461370e-01	4.039441e-01	2.090733e-01	3.212800e-01	3.477161e-01	3.273444e-01	3.121641e-01	3.686518e-01	2.657539e-01	2.728442e-01	2.695063e-01	2.809661e-01	3.031890e-01	2.791054e-01	3.918362e-01	4.003235e-01	2.960319e-01	3.579720e-01	2.946706e-01	2.876196e-01	3.386285e-01	2.711908e-01	2.772240e-01	4.360678e-01	3.165749e-01	3.488331e-01	2.864095e-01	3.063097e-01	3.302241e-01	3.016056e-01	3.344748e-01	2.770695e-01	3.305111e-01	2.058764e-01	2.027737e-01	2.394070e-01	3.539061e-01	3.030189e-01	3.371799e-01	2.701329e-01	2.322177e-01	2.958189e-01	2.934421e-01	3.466425e-01	2.697771e-01	3.197222e-01	2.787866e-01	2.952235e-01	2.137473e-01	3.491616e-01	2.769898e-01	3.490440e-01	3.053040e-01	3.356858e-01	3.735393e-01	4.387426e-02	1.260611e-01	3.056821e-01	3.283128e-01	1.450950e-01	7.466303e-02	1.799394e-01	2.432264e-01	2.565284e-01	1.480358e-01	1.658041e-01	1.239213e-01	1.572131e-01	
5.057844e-01	3.591004e-01	7.638372e-01	2.701961e-01	4.438735e-01	4.860590e-01	5.181657e-01	6.881792e-01	4.390657e-01	2.926281e-01	6.375929e-01	3.877871e-01	4.427319e-01	3.594092e-01	5.298290e-01	4.304195e-01	3.569053e-01	3.952563e-01	6.605627e-01	4.500671e-01	4.448866e-01	6.470002e-01	3.172705e-01	4.767945e-01	4.087318e-01	6.122249e-01	3.175809e-01	3.089948e-01	3.468726e-01	4.107385e-01	3.938947e-01	3.531314e-01	4.067638e-01	3.824381e-01	6.586015e-01	6.183913e-01	3.667214e-01	4.825107e-01	6.237954e-01	4.700271e-01	5.256583e-01	6.119628e-01	4.450612e-01	4.306839e-01	4.462577e-01	4.933895e-01	4.967779e-01	4.160839e-01	4.399997e-01	6.253413e-01	6.299709e-01	6.736756e-01	3.669422e-01	4.040477e-01	4.783145e-01	4.643283e-01	6.616418e-01	4.417471e-01	3.804752e-01	4.363493e-01	5.960582e-01	4.025292e-01	4.149313e-01	4.496786e-01	3.786954e-01	4.902057e-01	4.374263e-01	6.652416e-01	3.539810e-01	4.378580e-01	6.133638e-01	6.303292e-01	4.720817e-01	6.857902e-01	3.741681e-01	3.108480e-01	3.691493e-01	4.200096e-01	3.221220e-01	4.120952e-01	6.709342e-01	6.840442e-01	4.349143e-01	5.340873e-01	4.428904e-01	4.174254e-01	4.352158e-01	2.791548e-01	4.474701e-01	6.883314e-01	5.163403e-01	4.751464e-01	5.380550e-01	3.872425e-01	4.844849e-01	4.546754e-01	6.086153e-01	5.119416e-01	4.366588e-01	2.507252e-01	3.113766e-01	3.778717e-01	6.221489e-01	5.258594e-01	4.730240e-01	3.907311e-01	3.446477e-01	4.924295e-01	4.798077e-01	5.433093e-01	4.378289e-01	5.064447e-01	3.466468e-01	5.253343e-01	3.001222e-01	4.748254e-01	3.778683e-01	4.842411e-01	4.035616e-01	5.086374e-01	6.265829e-01	4.274145e-02	1.932540e-01	5.548028e-01	5.205686e-01	2.185425e-01	9.300942e-02	2.200684e-01	4.197424e-01	3.299320e-01	2.041501e-01	2.096717e-01	1.748556e-01	2.199984e-01	
2.466596e-01	2.000665e-01	2.701961e-01	3.695923e-01	2.256607e-01	2.367913e-01	2.563315e-01	3.097416e-01	2.369737e-01	1.582269e-01	2.791640e-01	2.364668e-01	2.232990e-01	2.129861e-01	2.653387e-01	2.378395e-01	1.863571e-01	2.272366e-01	3.165111e-01	2.320578e-01	2.390241e-01	3.061710e-01	1.734233e-01	2.314820e-01	2.330917e-01	2.859755e-01	1.835470e-01	1.636993e-01	1.785469e-01	1.986762e-01	2.109360e-01	1.718724e-01	2.247180e-01	1.940248e-01	3.087708e-01	2.897989e-01	1.985460e-01	2.476767e-01	2.933139e-01	2.328008e-01	2.367710e-01	2.817708e-01	2.280809e-01	2.256247e-01	2.160952e-01	2.729337e-01	2.561528e-01	2.417288e-01	2.243451e-01	3.005640e-01	2.800555e-01	3.112441e-01	2.082833e-01	2.185186e-01	2.432173e-01	2.435687e-01	3.037299e-01	2.494276e-01	2.225934e-01	2.433161e-01	2.653250e-01	2.167645e-01	2.258466e-01	2.461923e-01	2.102591e-01	2.352735e-01	2.263221e-01	3.126529e-01	1.923954e-01	2.372927e-01	2.780368e-01	2.945573e-01	2.457216e-01	3.006773e-01	2.078539e-01	1.650163e-01	2.309856e-01	2.164094e-01	1.852892e-01	2.140823e-01	3.100425e-01	3.121540e-01	2.485422e-01	2.742849e-01	2.345552e-01	2.423374e-01	2.300805e-01	1.745758e-01	2.295397e-01	3.500800e-01	2.545681e-01	2.438118e-01	2.523141e-01	2.212229e-01	2.700810e-01	2.289323e-01	2.643220e-01	2.426952e-01	2.416063e-01	1.254586e-01	1.682370e-01	2.251245e-01	2.899734e-01	2.524507e-01	2.531849e-01	1.950682e-01	1.862701e-01	2.519018e-01	2.528088e-01	2.632766e-01	2.266584e-01	2.550934e-01	1.777103e-01	2.436622e-01	1.656569e-01	2.733068e-01	2.035376e-01	2.483053e-01	2.273146e-01	2.778216e-01	2.659031e-01	2.439401e-02	8.757656e-02	2.510165e-01	2.655138e-01	1.029594e-01	2.909731e-02	1.343410e-01	1.887574e-01	1.732029e-01	1.015389e-01	1.246174e-01	9.122765e-02	1.079314e-01	
3.948124e-01	2.810150e-01	4.438735e-01	2.256607e-01	6.484277e-01	4.858933e-01	5.540608e-01	5.805504e-01	3.869908e-01	2.344338e-01	5.574797e-01	3.795559e-01	3.635457e-01	3.595515e-01	4.574762e-01	3.448174e-01	2.559901e-01	3.753547e-01	5.672412e-01	3.463015e-01	4.450161e-01	5.334117e-01	2.484630e-01	3.800531e-01	3.518374e-01	5.242081e-01	2.616696e-01	2.502518e-01	3.793424e-01	3.430225e-01	3.046501e-01	2.673108e-01	3.269404e-01	3.409657e-01	5.656242e-01	5.327071e-01	2.779266e-01	4.040149e-01	4.898653e-01	3.747167e-01	4.346549e-01	5.033673e-01	4.571059e-01	4.243858e-01	4.260699e-01	5.282445e-01	4.943227e-01	3.407001e-01	4.049427e-01	5.078588e-01	4.974622e-01	5.912180e-01	3.762136e-01	3.631389e-01	4.346888e-01	3.886947e-01	5.412938e-01	3.325928e-01	3.724302e-01	3.570704e-01	5.005903e-01	3.560339e-01	3.920130e-01	3.625360e-01	3.831392e-01	3.960261e-01	3.765421e-01	5.515728e-01	3.207941e-01	3.929141e-01	4.711353e-01	5.316348e-01	3.900019e-01	5.616809e-01	3.287177e-01	2.650049e-01	3.685396e-01	4.038004e-01	2.623613e-01	3.632065e-01	5.809126e-01	5.861524e-01	3.926090e-01	5.354111e-01	3.923350e-01	3.759331e-01	3.086814e-01	2.409362e-01	4.442520e-01	6.925670e-01	5.188458e-01	3.523462e-01	4.382789e-01	3.717907e-01	4.968056e-01	4.304332e-01	4.382648e-01	4.205665e-01	3.411387e-01	2.135291e-01	3.025585e-01	3.958766e-01	4.977795e-01	4.297890e-01	3.954312e-01	3.152614e-01	3.510861e-01	3.986007e-01	4.006671e-01	5.480182e-01	4.525164e-01	4.946582e-01	2.797384e-01	4.166226e-01	2.492502e-01	4.082224e-01	3.643874e-01	4.071845e-01	3.290548e-01	4.462328e-01	5.235724e-01	4.335347e-02	1.503386e-01	5.032258e-01	5.227994e-01	1.376313e-01	1.000635e-01	1.541503e-01	3.101821e-01	2.348238e-01	1.652400e-01	1.804418e-01	1.111638e-01	1.550305e-01	
4.279180e-01	2.950124e-01	4.860590e-01	2.367913e-01	4.858933e-01	6.663272e-01	5.570779e-01	6.279016e-01	3.972162e-01	2.338476e-01	6.067465e-01	3.794417e-01	3.806204e-01	3.530402e-01	4.885187e-01	3.568769e-01	2.837963e-01	3.638308e-01	6.064901e-01	3.779057e-01	4.414795e-01	5.698244e-01	2.547627e-01	4.120365e-01	3.546686e-01	5.479004e-01	2.609720e-01	2.481718e-01	3.653069e-01	3.613950e-01	3.350927e-01	2.974964e-01	3.453591e-01	3.510304e-01	5.948520e-01	5.701882e-01	2.830185e-01	4.288008e-01	5.392185e-01	3.955505e-01	4.674131e-01	5.469796e-01	4.594072e-01	4.214017e-01	4.398365e-01	5.332141e-01	5.120424e-01	3.480806e-01	4.091803e-01	5.467599e-01	5.454107e-01	6.237501e-01	3.638410e-01	3.494138e-01	4.502477e-01	4.060015e-01	5.961795e-01	3.557081e-01	3.614067e-01	3.735280e-01	5.369524e-01	3.615532e-01	4.001468e-01	3.746511e-01	3.770446e-01	4.137733e-01	3.960950e-01	6.016562e-01	3.206394e-01	3.916293e-01	5.046890e-01	5.741123e-01	4.155050e-01	6.078675e-01	3.355712e-01	2.620382e-01	3.475685e-01	4.052092e-01	2.468196e-01	3.664586e-01	6.191200e-01	6.237074e-01	3.846935e-01	5.332490e-01	4.034645e-01	3.945945e-01	3.417763e-01	2.428354e-01	4.518554e-01	6.936963e-01	5.345354e-01	3.773912e-01	4.752066e-01	3.575138e-01	5.081420e-01	4.298366e-01	4.997736e-01	4.624973e-01	3.650555e-01	2.268495e-01	3.004719e-01	3.838811e-01	5.370062e-01	4.578619e-01	3.965873e-01	3.344767e-01	3.432509e-01	4.236424e-01	4.116294e-01	5.540119e-01	4.507385e-01	5.161589e-01	2.896963e-01	4.532225e-01	2.662858e-01	4.361468e-01	3.598078e-01	4.189728e-01	3.396107e-01	4.672301e-01	5.686369e-01	4.423994e-02	1.543550e-01	5.401451e-01	5.397291e-01	1.585371e-01	9.779280e-02	1.718571e-01	3.441999e-01	2.575612e-01	1.709939e-01	1.954417e-01	1.209808e-01	1.626318e-01	
4.531782e-01	3.305083e-01	5.181657e-01	2.563315e-01	5.540608e-01	5.570779e-01	8.046688e-01	6.927642e-01	4.513211e-01	2.723276e-01	6.580064e-01	4.287508e-01	4.226768e-01	4.142439e-01	5.361973e-01	3.996031e-01	2.917069e-01	4.441767e-01	6.644583e-01	3.943350e-01	5.071865e-01	6.365707e-01	2.923100e-01	4.488988e-01	3.920996e-01	5.993758e-01	2.846597e-01	2.722328e-01	4.197711e-01	3.987031e-01	3.638064e-01	3.041186e-01	3.941308e-01	3.971757e-01	6.503883e-01	6.203577e-01	2.868737e-01	4.696014e-01	5.822706e-01	4.399889e-01	5.236839e-01	5.868187e-01	5.321535e-01	4.847559e-01	4.913356e-01	5.998614e-01	5.783887e-01	3.999253e-01	4.654632e-01	6.014376e-01	5.924647e-01	6.923292e-01	4.317780e-01	4.136601e-01	5.056480e-01	4.452944e-01	6.250337e-01	3.771044e-01	4.206966e-01	4.102834e-01	5.899045e-01	4.074548e-01	4.580914e-01	4.166805e-01	4.330789e-01	4.628774e-01	4.324506e-01	6.448170e-01	3.728092e-01	4.434223e-01	5.632908e-01	6.169230e-01	4.565018e-01	6.476590e-01	3.770243e-01	2.840762e-01	4.099328e-01	4.611438e-01	2.966070e-01	4.269819e-01	6.662931e-01	6.825436e-01	4.566768e-01	5.899316e-01	4.548090e-01	4.425599e-01	3.507529e-01	2.579916e-01	5.059334e-01	8.028594e-01	6.034210e-01	4.092644e-01	4.909091e-01	4.283270e-01	5.751874e-01	5.075703e-01	5.251372e-01	5.003776e-01	3.992411e-01	2.410519e-01	3.424815e-01	4.481584e-01	5.755402e-01	5.036298e-01	4.474857e-01	3.651680e-01	4.019028e-01	4.680601e-01	4.629526e-01	6.215136e-01	5.180453e-01	5.663352e-01	3.221588e-01	4.824714e-01	2.879266e-01	4.507749e-01	4.171561e-01	4.680447e-01	3.639399e-01	5.289667e-01	6.157839e-01	5.202835e-02	1.631290e-01	5.896235e-01	6.060737e-01	1.656674e-01	1.137289e-01	1.871639e-01	3.721327e-01	2.640317e-01	1.944496e-01	2.112657e-01	1.304641e-01	1.758881e-01	
6.078245e-01	4.373844e-01	6.881792e-01	3.097416e-01	5.805504e-01	6.279016e-01	6.927642e-01	1.039693e+00	5.021545e-01	3.435372e-01	8.203529e-01	4.344939e-01	4.947947e-01	3.875475e-01	6.400875e-01	4.856568e-01	4.267588e-01	4.572748e-01	8.160321e-01	5.099468e-01	5.342036e-01	8.003027e-01	3.800854e-01	5.272756e-01	4.791605e-01	7.203715e-01	4.062953e-01	3.909487e-01	4.158565e-01	4.916066e-01	4.374877e-01	4.204463e-01	4.554395e-01	4.249299e-01	8.005866e-01	7.709835e-01	4.239861e-01	5.616456e-01	7.272585e-01	5.089766e-01	6.194900e-01	7.326461e-01	5.479477e-01	4.906778e-01	5.450213e-01	6.379153e-01	6.382427e-01	4.907678e-01	5.257466e-01	7.313267e-01	7.358263e-01	8.613322e-01	4.292791e-01	4.491086e-01	5.449406e-01	5.222455e-01	8.042217e-01	4.978469e-01	4.471630e-01	5.069519e-01	7.113169e-01	4.357842e-01	4.578531e-01	4.869673e-01	4.478783e-01	5.548983e-01	5.069348e-01	8.288059e-01	3.981811e-01	4.944689e-01	6.989476e-01	7.423754e-01	5.677279e-01	8.068847e-01	3.961869e-01	3.921505e-01	4.268442e-01	5.069726e-01	4.181291e-01	4.518216e-01	8.561598e-01	8.573163e-01	4.869048e-01	6.813118e-01	5.089154e-01	4.825483e-01	4.790778e-01	3.707191e-01	5.711740e-01	8.997068e-01	6.630277e-01	5.342373e-01	6.089079e-01	4.313580e-01	6.211082e-01	5.406916e-01	7.057547e-01	6.027597e-01	4.929635e-01	2.988010e-01	3.620317e-01	4.418631e-01	7.212175e-01	6.190935e-01	5.286768e-01	4.263544e-01	4.152640e-01	5.602660e-01	5.247953e-01	6.921619e-01	5.492738e-01	6.549721e-01	4.087166e-01	6.166107e-01	3.247221e-01	5.348428e-01	4.478122e-01	5.594305e-01	4.542699e-01	5.650957e-01	7.871706e-01	5.740844e-02	2.148522e-01	6.799131e-01	6.763485e-01	2.398105e-01	1.244453e-01	2.582483e-01	4.856758e-01	3.651137e-01	2.422414e-01	2.626164e-01	1.879212e-01	2.434422e-01	
4.003777e-01	3.009956e-01	4.390657e-01	2.369737e-01	3.869908e-01	3.972162e-01	4.513211e-01	5.021545e-01	7.365697e-01	2.759052e-01	4.602327e-01	5.079130e-01	4.610631e-01	4.740098e-01	4.923832e-01	4.347431e-01	2.704014e-01	5.268334e-01	5.208169e-01	3.991785e-01	5.246289e-01	4.803878e-01	2.721528e-01	4.362307e-01	3.892820e-01	5.209428e-01	2.553096e-01	2.203023e-01	4.182063e-01	3.689595e-01	3.983097e-01	3.105220e-01	4.525379e-01	4.157945e-01	5.041049e-01	4.600481e-01	3.115332e-01	5.174421e-01	5.205999e-01	4.851310e-01	4.316955e-01	4.951845e-01	4.841274e-01	5.321901e-01	4.181246e-01	4.495149e-01	4.137769e-01	4.845234e-01	4.963629e-01	5.268011e-01	4.815526e-01	4.883981e-01	4.461533e-01	4.517659e-01	5.335651e-01	5.386084e-01	4.910616e-01	4.227800e-01	4.733345e-01	4.163652e-01	4.576062e-01	4.798020e-01	5.013156e-01	4.939228e-01	4.852238e-01	4.673003e-01	4.222982e-01	5.025436e-01	4.009050e-01	5.217977e-01	5.075612e-01	4.750072e-01	3.652834e-01	5.257063e-01	4.856573e-01	2.263647e-01	4.919079e-01	4.653130e-01	2.585357e-01	4.689396e-01	4.826767e-01	4.914129e-01	5.077369e-01	4.633094e-01	4.927993e-01	4.941406e-01	4.047913e-01	1.941793e-01	3.722372e-01	5.743215e-01	4.475135e-01	4.373304e-01	4.272179e-01	5.060830e-01	4.353615e-01	5.105833e-01	4.375947e-01	4.553713e-01	4.279164e-01	2.659201e-01	3.320523e-01	4.888006e-01	4.970189e-01	4.552797e-01	5.052918e-01	4.598892e-01	4.161953e-01	4.773813e-01	5.314986e-01	4.403417e-01	4.479149e-01	3.764425e-01	3.092567e-01	4.235362e-01	3.917867e-01	5.264411e-01	4.299957e-01	5.084623e-01	4.196282e-01	5.896446e-01	4.462550e-01	1.457957e-02	1.873630e-01	4.322668e-01	4.573154e-01	1.715281e-01	7.780154e-02	2.008755e-01	3.279098e-01	2.721616e-01	1.641804e-01	1.798914e-01	1.401160e-01	1.848453e-01	
2.643769e-01	2.137314e-01	2.926281e-01	1.582269e-01	2.344338e-01	2.338476e-01	2.723276e-01	3.435372e-01	2.759052e-01	3.573121e-01	2.997793e-01	2.589098e-01	2.471315e-01	2.393978e-01	2.876457e-01	2.594727e-01	1.938268e-01	2.825232e-01	3.178394e-01	2.449707e-01	2.710131e-01	3.205704e-01	1.907694e-01	2.485851e-01	2.411191e-01	3.091991e-01	2.219137e-01	1.939440e-01	1.914052e-01	2.255236e-01	2.236071e-01	2.021833e-01	2.446032e-01	2.108495e-01	3.177663e-01	3.121016e-01	2.037089e-01	2.824200e-01	3.107806e-01	2.579658e-01	2.611908e-01	3.028224e-01	2.671906e-01	2.686900e-01	2.452632e-01	2.801221e-01	2.793830e-01	2.702676e-01	2.788658e-01	3.031417e-01	3.024368e-01	3.235171e-01	2.278493e-01	2.573743e-01	2.719348e-01	2.758851e-01	3.157363e-01	2.665898e-01	2.477783e-01	2.568025e-01	2.797585e-01	2.577658e-01	2.434945e-01	2.861447e-01	2.395256e-01	2.649546e-01	2.267011e-01	3.267873e-01	2.180963e-01	2.866766e-01	3.111345e-01	2.891141e-01	2.674299e-01	3.236029e-01	2.474110e-01	1.999080e-01	2.510719e-01	2.637467e-01	2.015004e-01	2.324436e-01	3.217054e-01	3.351339e-01	2.548011e-01	2.971712e-01	2.580112e-01	2.715438e-01	2.524551e-01	1.856812e-01	2.404869e-01	3.646930e-01	2.762714e-01	2.652153e-01	2.532342e-01	2.528764e-01	2.833897e-01	2.837200e-01	2.848523e-01	2.603429e-01	2.544560e-01	1.543941e-01	1.923993e-01	2.499347e-01	2.921321e-01	2.598607e-01	2.847326e-01	2.333580e-01	2.171174e-01	2.529794e-01	2.651027e-01	2.787738e-01	2.475555e-01	2.590651e-01	2.006207e-01	2.541364e-01	2.009191e-01	2.920571e-01	2.403013e-01	2.823240e-01	2.535270e-01	3.139070e-01	3.061822e-01	3.154301e-02	9.203869e-02	2.652270e-01	2.904976e-01	1.068086e-01	5.227980e-02	1.198971e-01	2.077170e-01	1.765451e-01	1.076313e-01	1.321141e-01	1.135212e-01	1.234846e-01	
5.434482e-01	3.751780e-01	6.375929e-01	2.791640e-01	5.574797e-01	6.067465e-01	6.580064e-01	8.203529e-01	4.602327e-01	2.997793e-01	9.564759e-01	4.277840e-01	4.684241e-01	3.754396e-01	6.041504e-01	4.217469e-01	3.587376e-01	4.206050e-01	7.694327e-01	4.728367e-01	5.022470e-01	7.394263e-01	3.254422e-01	5.082560e-01	4.322252e-01	6.833967e-01	3.269117e-01	3.303573e-01	4.042685e-01	4.450685e-01	3.883995e-01	3.680394e-01	4.026953e-01	4.080979e-01	7.517048e-01	7.438946e-01	3.611171e-01	5.076443e-01	7.032775e-01	4.836407e-01	6.121853e-01	6.831696e-01	5.294702e-01	4.797220e-01	5.222365e-01	5.919017e-01	6.108911e-01	4.179160e-01	4.923577e-01	6.944938e-01	6.959041e-01	8.231553e-01	4.064358e-01	4.100854e-01	5.076441e-01	4.866523e-01	7.723416e-01	4.276217e-01	4.133118e-01	4.439935e-01	6.903835e-01	4.201365e-01	4.519901e-01	4.353985e-01	4.323776e-01	5.090458e-01	4.913290e-01	7.771501e-01	3.850288e-01	4.493611e-01	6.487252e-01	7.190636e-01	5.184054e-01	7.786474e-01	3.563973e-01	3.144569e-01	4.053950e-01	4.736510e-01	3.425015e-01	4.178463e-01	7.900164e-01	8.133760e-01	4.497247e-01	6.386919e-01	4.780247e-01	4.412875e-01	4.104129e-01	2.966703e-01	5.371072e-01	8.524758e-01	6.235473e-01	4.669457e-01	5.895773e-01	4.049691e-01	5.929977e-01	5.087512e-01	6.640844e-01	5.806454e-01	4.508655e-01	2.646000e-01	3.598312e-01	4.107585e-01	6.988930e-01	5.795345e-01	4.645644e-01	3.870547e-01	3.933533e-01	5.299662e-01	4.958778e-01	6.664485e-01	5.166305e-01	6.151042e-01	3.685198e-01	5.685183e-01	2.943284e-01	4.763974e-01	4.101673e-01	4.926064e-01	4.132653e-01	5.237594e-01	7.427485e-01	4.293603e-02	1.958122e-01	6.551563e-01	6.442603e-01	2.057398e-01	1.019922e-01	2.304159e-01	4.346296e-01	3.182891e-01	2.090191e-01	2.259213e-01	1.634542e-01	2.082693e-01	
3.563542e-01	2.867018e-01	3.877871e-01	2.364668e-01	3.795559e-01	3.794417e-01	4.287508e-01	4.344939e-01	5.079130e-01	2.589098e-01	4.277840e-01	6.661432e-01	4.094252e-01	4.501915e-01	4.462826e-01	4.117063e-01	2.553292e-01	4.891397e-01	4.580445e-01	3.554398e-01	5.016987e-01	4.115407e-01	2.587238e-01	3.868154e-01	3.544611e-01	4.760197e-01	2.490535e-01	2.093438e-01	3.954315e-01	3.228165e-01	3.680005e-01	2.806278e-01	4.074090e-01	3.905343e-01	4.574730e-01	4.158495e-01	2.722364e-01	4.662363e-01	4.429444e-01	4.364290e-01	3.786245e-01	4.402278e-01	4.681642e-01	5.148095e-01	3.986946e-01	4.559114e-01	3.994488e-01	4.184188e-01	4.552090e-01	4.589547e-01	4.276185e-01	4.354729e-01	4.379082e-01	4.169435e-01	5.166451e-01	4.842951e-01	4.236975e-01	3.748756e-01	4.457596e-01	3.789795e-01	3.825971e-01	4.593808e-01	4.755253e-01	4.425749e-01	4.404214e-01	4.093584e-01	3.838563e-01	4.457600e-01	3.816320e-01	4.721161e-01	4.341056e-01	4.177411e-01	3.141714e-01	4.583494e-01	4.633944e-01	2.339805e-01	4.672078e-01	4.361557e-01	2.336071e-01	4.211426e-01	4.142390e-01	4.405901e-01	4.560958e-01	4.411437e-01	4.614800e-01	4.629808e-01	3.689768e-01	2.075864e-01	3.629933e-01	5.619040e-01	4.159185e-01	3.807720e-01	3.899621e-01	4.815554e-01	4.468414e-01	4.935396e-01	3.796627e-01	3.978706e-01	4.056273e-01	2.400042e-01	3.145978e-01	4.796657e-01	4.742610e-01	4.074059e-01	4.634264e-01	4.176867e-01	4.020411e-01	4.214856e-01	4.754849e-01	4.131324e-01	4.391336e-01	3.539863e-01	2.934041e-01	3.484177e-01	3.373333e-01	4.966657e-01	4.179678e-01	4.546905e-01	3.947638e-01	5.450459e-01	4.087970e-01	2.990890e-02	1.605628e-01	4.137015e-01	4.467401e-01	1.485255e-01	6.951372e-02	1.860682e-01	2.819218e-01	2.468083e-01	1.505462e-01	1.739174e-01	1.181806e-01	1.842032e-01	
3.941285e-01	2.873645e-01	4.427319e-01	2.232990e-01	3.635457e-01	3.806204e-01	4.226768e-01	4.947947e-01	4.610631e-01	2.471315e-01	4.684241e-01	4.094252e-01	6.091550e-01	3.767856e-01	4.630820e-01	3.931231e-01	2.753796e-01	4.239712e-01	5.239262e-01	3.719532e-01	4.419028e-01	4.733475e-01	2.591363e-01	4.174781e-01	3.564167e-01	5.056012e-01	2.518086e-01	2.093886e-01	3.529792e-01	3.479810e-01	3.608961e-01	2.867019e-01	3.863779e-01	3.660518e-01	5.176056e-01	4.558847e-01	2.824918e-01	4.603130e-01	5.338613e-01	4.539727e-01	4.261794e-01	4.940161e-01	4.346273e-01	4.600710e-01	3.866574e-01	4.254397e-01	4.041622e-01	4.076236e-01	4.228726e-01	5.417996e-01	4.975958e-01	5.157510e-01	3.891595e-01	3.920238e-01	4.595323e-01	4.542271e-01	4.976234e-01	3.726536e-01	3.814124e-01	3.735786e-01	4.569437e-01	4.106373e-01	4.472162e-01	4.328861e-01	4.092257e-01	4.164914e-01	4.154309e-01	5.020300e-01	3.570828e-01	4.507622e-01	4.867937e-01	4.803574e-01	3.416685e-01	5.414298e-01	3.838392e-01	2.280569e-01	4.098001e-01	4.085642e-01	2.502619e-01	4.038665e-01	5.007219e-01	5.099584e-01	4.347711e-01	4.191506e-01	4.212437e-01	4.420624e-01	3.716057e-01	2.025390e-01	3.622783e-01	5.565021e-01	4.290226e-01	3.978523e-01	4.216352e-01	4.265010e-01	3.842844e-01	4.312068e-01	4.432676e-01	4.525427e-01	3.949703e-01	2.178047e-01	2.959543e-01	3.949361e-01	5.047624e-01	4.501623e-01	4.452375e-01	3.916952e-01	3.452904e-01	4.375461e-01	4.685660e-01	4.427387e-01	4.001064e-01	3.790709e-01	3.033440e-01	4.255776e-01	3.094906e-01	4.642343e-01	3.907030e-01	4.409475e-01	3.719395e-01	5.091205e-01	4.632142e-01	2.290456e-02	1.586839e-01	4.262907e-01	4.360422e-01	1.562068e-01	7.718405e-02	1.840349e-01	3.256800e-01	2.748931e-01	1.530253e-01	1.725450e-01	1.270471e-01	1.615697e-01	
3.176658e-01	2.477617e-01	3.594092e-01	2.129861e-01	3.595515e-01	3.530402e-01	4.142439e-01	3.875475e-01	4.740098e-01	2.393978e-01	3.754396e-01	4.501915e-01	3.767856e-01	6.577485e-01	4.341488e-01	3.757242e-01	1.889178e-01	4.919379e-01	4.112595e-01	3.133250e-01	4.942006e-01	3.765644e-01	2.304844e-01	3.691846e-01	3.171845e-01	4.524342e-01	2.153928e-01	1.701060e-01	3.823262e-01	2.936752e-01	3.247240e-01	2.411099e-01	3.881141e-01	3.783459e-01	4.182818e-01	3.666256e-01	2.130607e-01	4.423356e-01	4.046884e-01	4.015819e-01	3.507079e-01	3.949945e-01	4.476666e-01	5.114548e-01	3.794077e-01	4.510802e-01	3.890314e-01	3.982286e-01	4.334811e-01	4.395403e-01	3.832413e-01	3.866837e-01	4.105454e-01	4.207952e-01	4.957478e-01	4.562567e-01	3.849317e-01	3.434066e-01	4.311205e-01	3.436548e-01	3.788055e-01	4.455463e-01	4.787252e-01	4.321075e-01	4.478643e-01	3.735805e-01	3.502318e-01	4.116457e-01	3.788485e-01	4.678305e-01	4.008274e-01	3.747411e-01	3.205455e-01	4.352926e-01	4.434231e-01	1.848550e-01	4.585999e-01	4.286631e-01	2.023236e-01	4.074531e-01	3.922755e-01	4.091232e-01	4.526532e-01	4.185941e-01	4.336090e-01	4.273649e-01	3.081280e-01	1.620279e-01	3.429033e-01	5.376501e-01	4.059783e-01	3.495551e-01	3.570796e-01	4.460520e-01	4.227828e-01	4.616102e-01	3.287331e-01	3.885274e-01	3.610920e-01	2.214110e-01	3.151273e-01	4.692740e-01	3.965596e-01	3.857592e-01	4.091190e-01	3.900691e-01	3.680553e-01	3.977429e-01	4.387484e-01	3.946963e-01	4.293628e-01	3.245927e-01	2.551753e-01	3.272567e-01	3.362014e-01	4.619003e-01	4.077240e-01	4.195531e-01	3.393601e-01	5.007997e-01	3.483370e-01	4.543927e-02	1.531197e-01	3.790518e-01	4.129237e-01	1.300825e-01	6.766902e-02	1.559061e-01	2.645801e-01	2.043490e-01	1.465223e-01	1.752577e-01	1.109426e-01	1.466504e-01	
4.623302e-01	3.102005e-01	5.298290e-01	2.653387e-01	4.574762e-01	4.885187e-01	5.361973e-01	6.400875e-01	4.923832e-01	2.876457e-01	6.041504e-01	4.462826e-01	4.630820e-01	4.341488e-01	7.489935e-01	4.242540e-01	3.191269e-01	4.524655e-01	6.369667e-01	4.377401e-01	5.103790e-01	6.002715e-01	2.916333e-01	4.900130e-01	3.972866e-01	6.232846e-01	2.650976e-01	2.239392e-01	3.969372e-01	4.113358e-01	3.802810e-01	3.259840e-01	4.198290e-01	4.166071e-01	6.359697e-01	5.880654e-01	3.081445e-01	5.097870e-01	6.227000e-01	4.995658e-01	5.294153e-01	5.996745e-01	5.056618e-01	5.054007e-01	4.592175e-01	5.224350e-01	5.156641e-01	4.532979e-01	4.808870e-01	6.335765e-01	5.944922e-01	6.394301e-01	4.060552e-01	4.401904e-01	5.298813e-01	4.934859e-01	6.186467e-01	4.218076e-01	4.326951e-01	4.321197e-01	5.735957e-01	4.443061e-01	4.732878e-01	4.473856e-01	4.231158e-01	4.699135e-01	4.750090e-01	6.392756e-01	4.047752e-01	4.902472e-01	5.961331e-01	6.015503e-01	4.486198e-01	6.648960e-01	4.031185e-01	2.709760e-01	4.434376e-01	4.741335e-01	2.747596e-01	4.282945e-01	6.443306e-01	6.612266e-01	4.858057e-01	5.394764e-01	4.695481e-01	4.723767e-01	4.009665e-01	2.322315e-01	4.584709e-01	7.176927e-01	5.445392e-01	4.455427e-01	5.257017e-01	4.166674e-01	5.083526e-01	4.994223e-01	5.411334e-01	5.458997e-01	4.262641e-01	2.495222e-01	3.461262e-01	4.344865e-01	6.068785e-01	5.442698e-01	4.661455e-01	4.055660e-01	4.058131e-01	5.053299e-01	5.061941e-01	5.494600e-01	4.819191e-01	4.939426e-01	3.378669e-01	5.096987e-01	3.300643e-01	5.097652e-01	4.226256e-01	4.884821e-01	4.109864e-01	5.443701e-01	5.891714e-01	2.950675e-02	1.815981e-01	5.598212e-01	5.500537e-01	1.680967e-01	7.832015e-02	2.062397e-01	3.848250e-01	2.788027e-01	1.819270e-01	1.930510e-01	1.453582e-01	1.848407e-01	
3.876668e-01	3.375622e-01	4.304195e-01	2.378395e-01	3.448174e-01	3.568769e-01	3.996031e-01	4.856568e-01	4.347431e-01	2.594727e-01	4.217469e-01	4.117063e-01	3.931231e-01	3.757242e-01	4.242540e-01	6.066157e-01	2.930612e-01	4.085063e-01	4.772122e-01	3.715377e-01	4.293825e-01	4.407199e-01	2.890218e-01	3.731594e-01	3.859367e-01	4.497134e-01	3.120605e-01	2.703855e-01	3.143191e-01	3.315919e-01	3.855544e-01	2.973412e-01	3.986882e-01	3.507117e-01	4.716151e-01	4.284938e-01	3.125591e-01	4.422940e-01	4.584253e-01	4.197223e-01	3.640937e-01	4.527060e-01	4.016184e-01	4.252410e-01	3.684748e-01	4.104097e-01	3.818676e-01	4.030732e-01	4.263476e-01	4.506956e-01	4.588648e-01	4.630165e-01	3.686446e-01	3.626033e-01	4.422205e-01	4.348107e-01	4.456274e-01	4.012250e-01	3.758647e-01	4.158731e-01	4.056251e-01	3.778096e-01	3.946364e-01	4.378008e-01	3.857722e-01	4.151095e-01	3.602085e-01	4.650538e-01	3.183736e-01	4.371659e-01	4.651027e-01	4.207135e-01	3.386974e-01	4.770404e-01	3.972258e-01	2.645105e-01	3.877301e-01	3.745993e-01	2.888667e-01	3.727190e-01	4.526184e-01	4.567901e-01	4.180197e-01	4.270713e-01	4.105007e-01	4.004062e-01	4.151890e-01	2.591173e-01	3.457568e-01	5.095705e-01	3.871672e-01	4.222227e-01	3.973489e-01	4.139877e-01	3.999095e-01	4.154351e-01	4.015854e-01	3.867016e-01	4.131017e-01	2.330409e-01	2.812231e-01	3.857239e-01	4.396013e-01	4.072983e-01	4.566565e-01	3.858492e-01	3.440161e-01	3.978414e-01	4.303755e-01	4.009452e-01	3.683298e-01	3.665090e-01	3.102987e-01	3.866561e-01	3.095594e-01	4.713009e-01	3.753871e-01	4.485638e-01	4.108006e-01	4.881077e-01	4.391891e-01	3.402696e-02	1.498105e-01	3.845610e-01	3.977394e-01	1.706836e-01	5.874373e-02	1.941721e-01	3.023906e-01	2.764579e-01	1.504260e-01	1.895359e-01	1.378311e-01	1.661258e-01	
3.453812e-01	2.606067e-01	3.569053e-01	1.863571e-01	2.559901e-01	2.837963e-01	2.917069e-01	4.267588e-01	2.704014e-01	1.938268e-01	3.587376e-01	2.553292e-01	2.753796e-01	1.889178e-01	3.191269e-01	2.930612e-01	4.677930e-01	2.530101e-01	3.888934e-01	3.096774e-01	2.513585e-01	3.701693e-01	2.327179e-01	2.808960e-01	3.012537e-01	3.494679e-01	2.774907e-01	2.352828e-01	1.957779e-01	2.599408e-01	2.783077e-01	2.616979e-01	3.002937e-01	2.266568e-01	3.889765e-01	3.651788e-01	2.815242e-01	3.151549e-01	3.664951e-01	2.780087e-01	3.023003e-01	3.577454e-01	2.588813e-01	2.578274e-01	2.665351e-01	2.783458e-01	2.851727e-01	2.955746e-01	2.633483e-01	3.535811e-01	3.691425e-01	3.992917e-01	2.344674e-01	2.514592e-01	2.636234e-01	2.685588e-01	3.692951e-01	3.318561e-01	2.357636e-01	3.113401e-01	3.293005e-01	2.342748e-01	2.257256e-01	3.088320e-01	2.259658e-01	3.062534e-01	2.630298e-01	3.946230e-01	1.932493e-01	2.833098e-01	3.680595e-01	3.560965e-01	2.799983e-01	3.942741e-01	2.330862e-01	2.522664e-01	2.378105e-01	2.396749e-01	2.699877e-01	2.513533e-01	4.186458e-01	3.923188e-01	2.754797e-01	3.168895e-01	2.630825e-01	2.742375e-01	3.132618e-01	2.442487e-01	2.660613e-01	3.873636e-01	2.936961e-01	3.400134e-01	3.148466e-01	2.551397e-01	2.809490e-01	2.613398e-01	3.580732e-01	2.915377e-01	3.041093e-01	1.651292e-01	1.824282e-01	2.249516e-01	3.478389e-01	3.029121e-01	3.283872e-01	2.501858e-01	2.177952e-01	2.963845e-01	2.937899e-01	3.117827e-01	2.454940e-01	2.902434e-01	2.426694e-01	3.156625e-01	1.928119e-01	3.286094e-01	2.300023e-01	3.357296e-01	2.977251e-01	3.087060e-01	3.582608e-01	1.064089e-02	1.105537e-01	3.016036e-01	3.031820e-01	1.371216e-01	5.326243e-02	1.516795e-01	2.507804e-01	2.257683e-01	1.003609e-01	1.465889e-01	1.014795e-01	1.254893e-01	
3.589961e-01	2.816367e-01	3.952563e-01	2.272366e-01	3.753547e-01	3.638308e-01	4.441767e-01	4.572748e-01	5.268334e-01	2.825232e-01	4.206050e-01	4.891397e-01	4.239712e-01	4.919379e-01	4.524655e-01	4.085063e-01	2.530101e-01	7.040149e-01	4.614710e-01	3.608832e-01	5.310881e-01	4.300771e-01	2.723105e-01	4.197712e-01	3.645268e-01	4.839526e-01	2.640681e-01	2.147432e-01	4.292992e-01	3.448662e-01	3.762947e-01	2.707835e-01	4.159061e-01	4.023627e-01	4.725001e-01	4.167726e-01	2.828833e-01	4.891393e-01	4.614216e-01	4.369446e-01	3.944245e-01	4.544200e-01	4.803146e-01	5.343017e-01	4.088788e-01	4.812699e-01	4.108757e-01	4.526416e-01	4.712252e-01	4.889603e-01	4.428276e-01	4.463934e-01	4.431395e-01	4.500615e-01	5.181613e-01	4.937933e-01	4.284670e-01	3.955925e-01	4.625530e-01	3.884096e-01	4.130870e-01	4.799435e-01	5.123574e-01	4.785857e-01	4.825346e-01	4.179109e-01	3.836003e-01	4.469198e-01	4.052925e-01	4.998648e-01	4.609524e-01	4.158006e-01	3.351556e-01	4.635778e-01	4.855802e-01	2.266710e-01	4.805620e-01	4.601324e-01	2.456791e-01	4.331488e-01	4.335439e-01	4.551126e-01	4.659378e-01	4.595963e-01	4.715546e-01	4.739664e-01	3.590906e-01	1.947551e-01	3.783303e-01	5.696096e-01	4.249851e-01	4.080258e-01	3.915594e-01	4.973753e-01	4.274331e-01	5.216237e-01	3.825501e-01	4.428275e-01	4.101925e-01	2.409266e-01	3.356252e-01	5.071236e-01	4.420754e-01	4.104480e-01	4.787110e-01	4.304393e-01	4.075476e-01	4.423569e-01	4.896667e-01	4.275633e-01	4.579616e-01	3.489116e-01	2.969797e-01	3.576329e-01	3.684579e-01	5.090023e-01	4.442891e-01	4.646877e-01	3.917442e-01	5.558699e-01	3.948873e-01	2.465886e-02	1.696746e-01	4.010236e-01	4.504817e-01	1.506746e-01	6.292126e-02	1.945740e-01	2.947901e-01	2.424441e-01	1.486926e-01	1.649968e-01	1.291267e-01	1.747266e-01	
5.739713e-01	4.060706e-01	6.605627e-01	3.165111e-01	5.672412e-01	6.064901e-01	6.644583e-01	8.160321e-01	5.208169e-01	3.178394e-01	7.694327e-01	4.580445e-01	5.239262e-01	4.112595e-01	6.369667e-01	4.772122e-01	3.888934e-01	4.614710e-01	9.877954e-01	5.045184e-01	5.341411e-01	7.641041e-01	3.468311e-01	5.332113e-01	4.668330e-01	7.129849e-01	3.613643e-01	3.372210e-01	4.283461e-01	4.769013e-01	4.328995e-01	4.044824e-01	4.590596e-01	4.479553e-01	7.661517e-01	7.379350e-01	3.860043e-01	5.490071e-01	7.427166e-01	5.290410e-01	6.044905e-01	7.222692e-01	5.564896e-01	5.162911e-01	5.346439e-01	6.282284e-01	6.204924e-01	4.730626e-01	5.183098e-01	7.226510e-01	7.420066e-01	8.369620e-01	4.386434e-01	4.592344e-01	5.605962e-01	5.320134e-01	7.852859e-01	4.625838e-01	4.615022e-01	4.998610e-01	6.857497e-01	4.431501e-01	4.928710e-01	4.800430e-01	4.728410e-01	5.510989e-01	5.302463e-01	7.835634e-01	4.037245e-01	5.067384e-01	6.826065e-01	7.375246e-01	5.367884e-01	8.046936e-01	4.081820e-01	3.527494e-01	4.481071e-01	5.046370e-01	3.641784e-01	4.782347e-01	8.152120e-01	8.158657e-01	5.036827e-01	6.428625e-01	4.963489e-01	5.018676e-01	4.668768e-01	3.135532e-01	5.461698e-01	8.713045e-01	6.329469e-01	5.034097e-01	6.095504e-01	4.543813e-01	6.097927e-01	5.307138e-01	6.710024e-01	5.952602e-01	4.847663e-01	2.918809e-01	3.679048e-01	4.615383e-01	7.124840e-01	6.154687e-01	5.255064e-01	4.293302e-01	4.154749e-01	5.583179e-01	5.405522e-01	6.846110e-01	5.427205e-01	6.358860e-01	4.011524e-01	6.125086e-01	3.298297e-01	5.560293e-01	4.619660e-01	5.454155e-01	4.536601e-01	5.816639e-01	7.336451e-01	4.905359e-02	2.024245e-01	6.698419e-01	6.645423e-01	2.315788e-01	1.198616e-01	2.463725e-01	4.669326e-01	3.465891e-01	2.271730e-01	2.324000e-01	1.561517e-01	2.211436e-01	
3.991169e-01	3.029049e-01	4.500671e-01	2.320578e-01	3.463015e-01	3.779057e-01	3.943350e-01	5.099468e-01	3.991785e-01	2.449707e-01	4.728367e-01	3.554398e-01	3.719532e-01	3.133250e-01	4.377401e-01	3.715377e-01	3.096774e-01	3.608832e-01	5.045184e-01	5.509642e-01	3.729204e-01	4.789204e-01	2.739339e-01	3.861175e-01	3.508186e-01	4.786422e-01	2.906891e-01	2.356379e-01	2.764618e-01	3.507011e-01	3.307665e-01	3.012629e-01	3.653889e-01	3.247952e-01	5.039551e-01	4.616591e-01	3.169370e-01	4.044419e-01	4.928066e-01	3.989114e-01	4.154868e-01	4.738751e-01	3.762356e-01	3.773865e-01	3.603488e-01	3.830530e-01	3.770161e-01	3.769751e-01	3.831405e-01	4.865409e-01	4.803423e-01	4.890219e-01	3.061154e-01	3.510099e-01	3.975414e-01	3.961105e-01	4.893047e-01	3.948956e-01	3.247919e-01	3.944012e-01	4.535698e-01	3.378846e-01	3.641487e-01	4.027976e-01	3.333688e-01	3.925604e-01	3.603954e-01	5.022676e-01	2.966935e-01	3.905479e-01	4.694463e-01	4.711812e-01	3.691551e-01	5.136361e-01	3.250618e-01	2.547120e-01	3.421065e-01	3.556310e-01	2.647074e-01	3.581417e-01	5.151872e-01	5.079070e-01	3.710274e-01	4.138382e-01	3.715317e-01	3.828649e-01	3.768840e-01	2.490407e-01	3.512961e-01	5.127122e-01	3.980613e-01	4.038021e-01	4.182926e-01	3.451131e-01	3.761138e-01	3.589144e-01	4.492401e-01	4.040794e-01	3.725096e-01	2.212338e-01	2.547281e-01	3.377440e-01	4.855487e-01	4.166651e-01	4.203921e-01	3.415220e-01	3.128127e-01	3.944191e-01	4.191517e-01	4.199805e-01	3.507131e-01	3.737809e-01	2.854130e-01	4.005028e-01	2.659675e-01	4.406574e-01	3.291733e-01	4.205249e-01	3.868633e-01	4.534873e-01	4.668878e-01	2.112056e-02	1.453352e-01	4.218806e-01	4.101791e-01	1.599497e-01	5.253968e-02	1.796154e-01	3.145298e-01	2.617702e-01	1.363125e-01	1.741275e-01	1.366382e-01	1.566766e-01	
3.818161e-01	3.077112e-01	4.448866e-01	2.390241e-01	4.450161e-01	4.414795e-01	5.071865e-01	5.342036e-01	5.246289e-01	2.710131e-01	5.022470e-01	5.016987e-01	4.419028e-01	4.942006e-01	5.103790e-01	4.293825e-01	2.513585e-01	5.310881e-01	5.341411e-01	3.729204e-01	7.207839e-01	4.920340e-01	2.843553e-01	4.428908e-01	3.757123e-01	5.345875e-01	2.575055e-01	2.238205e-01	4.493932e-01	3.666868e-01	3.902176e-01	2.865373e-01	4.136920e-01	4.231718e-01	5.329489e-01	4.816482e-01	2.878815e-01	4.955885e-01	4.974879e-01	4.595386e-01	4.270606e-01	5.079790e-01	5.150461e-01	5.566144e-01	4.557674e-01	5.243390e-01	4.779739e-01	4.511602e-01	5.105380e-01	5.393288e-01	4.848409e-01	5.135962e-01	4.640482e-01	4.593405e-01	5.483913e-01	4.960911e-01	4.915405e-01	3.981415e-01	4.979571e-01	4.121802e-01	4.600459e-01	4.887587e-01	5.196341e-01	4.629522e-01	4.918365e-01	4.395935e-01	4.120081e-01	5.209727e-01	4.031705e-01	5.159505e-01	4.960956e-01	4.816516e-01	3.792456e-01	5.353389e-01	4.620278e-01	2.448221e-01	4.954250e-01	4.920643e-01	2.507833e-01	4.517412e-01	5.074217e-01	5.251058e-01	4.978397e-01	5.137153e-01	4.994700e-01	4.826354e-01	3.801561e-01	2.117468e-01	4.314284e-01	6.672639e-01	4.936591e-01	4.150381e-01	4.443895e-01	4.968431e-01	4.885784e-01	5.548407e-01	4.241607e-01	4.755453e-01	4.100051e-01	2.656798e-01	3.521798e-01	5.042907e-01	5.019177e-01	4.554701e-01	4.879562e-01	4.271461e-01	4.326391e-01	4.640543e-01	5.127179e-01	4.892663e-01	5.079041e-01	4.214418e-01	3.110807e-01	4.003233e-01	3.574850e-01	5.164575e-01	4.631757e-01	4.949604e-01	3.934978e-01	5.717787e-01	4.764349e-01	4.928885e-02	1.834063e-01	4.670435e-01	5.029126e-01	1.804310e-01	8.361311e-02	1.991810e-01	3.220426e-01	2.656590e-01	1.735112e-01	1.896846e-01	1.340583e-01	1.869970e-01	
5.615889e-01	4.049067e-01	6.470002e-01	3.061710e-01	5.334117e-01	5.698244e-01	6.365707e-01	8.003027e-01	4.803878e-01	3.205704e-01	7.394263e-01	4.115407e-01	4.733475e-01	3.765644e-01	6.002715e-01	4.407199e-01	3.701693e-01	4.300771e-01	7.641041e-01	4.789204e-01	4.920340e-01	9.426293e-01	3.509132e-01	5.076161e-01	4.343360e-01	6.841549e-01	3.486297e-01	3.252243e-01	3.781560e-01	4.753668e-01	4.019093e-01	3.840317e-01	4.282889e-01	4.096661e-01	7.495595e-01	7.346905e-01	3.825354e-01	5.149463e-01	6.920996e-01	4.992290e-01	5.729282e-01	6.919900e-01	5.093836e-01	4.434565e-01	4.905773e-01	5.834496e-01	5.804668e-01	4.494040e-01	4.878286e-01	7.085854e-01	6.911755e-01	7.956374e-01	3.903815e-01	4.375854e-01	5.011093e-01	4.848761e-01	7.657244e-01	4.815075e-01	4.142689e-01	4.848833e-01	6.656382e-01	4.151510e-01	4.374359e-01	4.625144e-01	4.110697e-01	5.290221e-01	4.870442e-01	7.808077e-01	3.729195e-01	4.656807e-01	6.795063e-01	7.012933e-01	5.249889e-01	7.591784e-01	3.540919e-01	3.526894e-01	3.797451e-01	4.742715e-01	3.676271e-01	4.334861e-01	8.205007e-01	7.910009e-01	4.599189e-01	6.159467e-01	4.953121e-01	4.600269e-01	4.437456e-01	3.151439e-01	5.290603e-01	8.152731e-01	6.212634e-01	4.863904e-01	5.717781e-01	3.988113e-01	5.704440e-01	5.110295e-01	6.627661e-01	5.567922e-01	4.594277e-01	2.820164e-01	3.358371e-01	4.154665e-01	6.887336e-01	5.904453e-01	4.963982e-01	3.928781e-01	3.806094e-01	5.339044e-01	5.100067e-01	6.425251e-01	4.952990e-01	6.144047e-01	3.699443e-01	5.863791e-01	3.010021e-01	4.994032e-01	4.037306e-01	5.321395e-01	4.227501e-01	5.325734e-01	7.283811e-01	4.224698e-02	1.982772e-01	6.583294e-01	6.286291e-01	2.131743e-01	1.054348e-01	2.288665e-01	4.488011e-01	3.456403e-01	2.245226e-01	2.386788e-01	1.730443e-01	2.227692e-01	
