4.655441e-01	2.742117e-01	4.107874e-01	2.123382e-01	3.410068e-01	3.363317e-01	3.617910e-01	4.584058e-01	3.239383e-01	2.331896e-01	4.332026e-01	2.900845e-01	3.454809e-01	3.039834e-01	3.247342e-01	2.919814e-01	2.894199e-01	3.183525e-01	4.338761e-01	3.003568e-01	2.920847e-01	4.149026e-01	2.689614e-01	3.442245e-01	3.083628e-01	3.829015e-01	2.631472e-01	2.401476e-01	2.632010e-01	3.100618e-01	3.209680e-01	3.205930e-01	2.756267e-01	3.076515e-01	2.819872e-01	4.293419e-01	4.113548e-01	3.315150e-01	3.206481e-01	3.491187e-01	2.963682e-01	3.377121e-01	3.946901e-01	3.609669e-01	3.448392e-01	2.893605e-01	3.080627e-01	3.665992e-01	3.104743e-01	3.717584e-01	3.921527e-01	3.980811e-01	4.232427e-01	3.034597e-01	3.045997e-01	3.152904e-01	3.618488e-01	3.604691e-01	3.257517e-01	2.709589e-01	3.165251e-01	3.303182e-01	2.998145e-01	3.110317e-01	3.446747e-01	2.773606e-01	3.239535e-01	3.463423e-01	4.256583e-01	3.150191e-01	3.124186e-01	3.609864e-01	3.845451e-01	2.886266e-01	4.386950e-01	2.854771e-01	2.753770e-01	2.919550e-01	2.812764e-01	2.694943e-01	3.206391e-01	4.754847e-01	4.542261e-01	3.434597e-01	3.520456e-01	3.157931e-01	2.795784e-01	3.439693e-01	2.354557e-01	3.588330e-01	3.895853e-01	3.574485e-01	3.102393e-01	3.155078e-01	2.616229e-01	3.454021e-01	3.282853e-01	3.158468e-01	3.303949e-01	3.214297e-01	1.527110e-01	2.254277e-01	3.161168e-01	3.982355e-01	3.336582e-01	3.309856e-01	3.114208e-01	2.886920e-01	3.072745e-01	3.293933e-01	3.498617e-01	2.828322e-01	2.810931e-01	2.924622e-01	3.707296e-01	2.561263e-01	4.196839e-01	3.537328e-01	3.561982e-01	3.808170e-01	3.832190e-01	4.398291e-01	4.804252e-02	1.177732e-01	3.756897e-01	3.599739e-01	1.533592e-01	1.059839e-02	1.859293e-01	2.652783e-01	1.910339e-01	1.437951e-01	1.156646e-01	1.222765e-01	1.585411e-01	
2.742117e-01	4.439553e-01	3.918634e-01	2.278757e-01	3.194269e-01	3.013583e-01	3.420569e-01	4.197276e-01	3.389396e-01	2.213381e-01	3.839734e-01	3.021368e-01	3.218411e-01	3.067138e-01	3.097241e-01	3.054009e-01	2.848133e-01	3.089880e-01	4.005083e-01	2.880987e-01	3.073948e-01	3.788116e-01	2.638335e-01	3.227080e-01	2.996000e-01	3.388065e-01	2.414829e-01	2.226059e-01	2.478929e-01	3.054924e-01	3.106376e-01	2.994874e-01	2.682701e-01	3.106370e-01	2.891604e-01	4.005296e-01	3.709088e-01	3.163892e-01	3.308240e-01	3.150957e-01	2.873906e-01	3.167227e-01	3.747010e-01	3.553475e-01	3.517665e-01	2.814511e-01	3.073607e-01	3.631125e-01	3.076688e-01	3.864505e-01	3.544327e-01	3.728715e-01	3.984336e-01	3.103172e-01	2.836191e-01	3.199097e-01	3.513388e-01	3.337767e-01	3.065752e-01	2.929340e-01	3.136798e-01	2.883546e-01	2.986039e-01	3.153779e-01	3.510217e-01	2.796095e-01	3.067516e-01	3.255591e-01	3.806321e-01	3.209127e-01	3.072311e-01	3.400575e-01	3.524387e-01	2.739798e-01	3.924211e-01	2.987435e-01	2.519801e-01	2.949181e-01	2.961057e-01	2.531232e-01	3.246680e-01	4.506815e-01	4.331275e-01	3.400404e-01	3.302945e-01	3.203563e-01	2.803398e-01	3.397824e-01	2.194834e-01	3.463208e-01	3.666599e-01	3.351595e-01	3.078250e-01	2.638362e-01	2.851215e-01	3.419082e-01	3.168649e-01	2.788853e-01	3.190844e-01	3.204057e-01	1.487761e-01	2.256176e-01	3.220021e-01	3.573601e-01	2.996566e-01	3.216096e-01	3.209303e-01	2.728545e-01	3.037347e-01	3.231372e-01	3.211838e-01	2.522771e-01	2.574078e-01	2.889221e-01	3.419971e-01	2.629907e-01	4.154742e-01	3.504772e-01	3.430521e-01	3.680740e-01	3.796340e-01	4.133163e-01	5.734645e-02	1.222724e-01	3.582690e-01	3.438014e-01	1.310388e-01	3.582364e-02	1.778984e-01	2.346341e-01	1.966132e-01	1.462660e-01	1.114484e-01	1.412079e-01	1.649202e-01	
4.107874e-01	3.918634e-01	8.458453e-01	3.151531e-01	5.440592e-01	5.654488e-01	6.107124e-01	7.651412e-01	5.169658e-01	3.329817e-01	7.313752e-01	4.834305e-01	5.399069e-01	4.798447e-01	5.633844e-01	4.382132e-01	3.841610e-01	4.731232e-01	7.324691e-01	4.774687e-01	5.010094e-01	7.135905e-01	3.679102e-01	5.747694e-01	4.453202e-01	6.340622e-01	3.186857e-01	3.110815e-01	4.222774e-01	4.991223e-01	5.137121e-01	4.786152e-01	3.610093e-01	4.671553e-01	4.872596e-01	7.414177e-01	6.795961e-01	4.327307e-01	5.218672e-01	6.133659e-01	4.865638e-01	5.716843e-01	6.751051e-01	5.922141e-01	5.890802e-01	4.760812e-01	5.296629e-01	5.930627e-01	4.768866e-01	5.724064e-01	7.047573e-01	6.558752e-01	6.952593e-01	5.248669e-01	4.817878e-01	5.623235e-01	5.759258e-01	5.999591e-01	4.554467e-01	4.516971e-01	4.537116e-01	6.069187e-01	4.826002e-01	5.033744e-01	5.036167e-01	4.565306e-01	5.373704e-01	6.032539e-01	7.098135e-01	5.222425e-01	4.955702e-01	6.250572e-01	6.861405e-01	4.669272e-01	7.638820e-01	4.419122e-01	3.330701e-01	4.620918e-01	5.121217e-01	3.361651e-01	5.004231e-01	8.207130e-01	7.916469e-01	5.654413e-01	5.681672e-01	5.116186e-01	4.582450e-01	4.973655e-01	3.068414e-01	6.184240e-01	6.591627e-01	6.092739e-01	4.503903e-01	4.954680e-01	4.461708e-01	5.853215e-01	5.242075e-01	5.409659e-01	5.731768e-01	4.601679e-01	2.351695e-01	3.910387e-01	5.340173e-01	6.930860e-01	5.731935e-01	4.764734e-01	4.736796e-01	4.604424e-01	5.174956e-01	5.565338e-01	5.913471e-01	4.622842e-01	5.107092e-01	4.277753e-01	6.085388e-01	3.995333e-01	6.303286e-01	5.602703e-01	5.359975e-01	5.652616e-01	6.153559e-01	7.137895e-01	6.645379e-02	2.141485e-01	6.497242e-01	6.182820e-01	2.055740e-01	6.586589e-02	2.754613e-01	4.519927e-01	2.716952e-01	2.459486e-01	1.721720e-01	1.834128e-01	2.503412e-01	
2.123382e-01	2.278757e-01	3.151531e-01	3.591404e-01	2.673217e-01	2.702851e-01	2.925049e-01	3.635451e-01	2.662143e-01	1.720653e-01	3.177638e-01	2.523644e-01	2.631485e-01	2.480969e-01	2.556158e-01	2.453583e-01	2.224000e-01	2.629371e-01	3.293643e-01	2.298435e-01	2.603862e-01	3.233111e-01	2.104541e-01	2.767054e-01	2.451585e-01	2.722412e-01	2.020601e-01	1.904442e-01	2.143742e-01	2.499102e-01	2.257671e-01	2.439248e-01	1.992813e-01	2.249998e-01	2.284855e-01	3.255821e-01	3.118972e-01	2.466746e-01	2.589951e-01	2.592983e-01	2.266684e-01	2.506901e-01	3.030240e-01	3.020625e-01	2.858880e-01	2.452897e-01	2.724410e-01	3.138146e-01	2.320274e-01	2.961041e-01	2.976794e-01	3.046152e-01	3.282209e-01	2.568651e-01	2.469776e-01	2.610782e-01	2.915516e-01	2.695667e-01	2.413852e-01	2.369252e-01	2.511097e-01	2.606172e-01	2.530422e-01	2.546480e-01	2.656673e-01	2.398403e-01	2.398657e-01	2.577761e-01	3.092802e-01	2.562175e-01	2.460572e-01	2.802772e-01	3.002618e-01	2.240007e-01	3.272826e-01	2.572231e-01	2.216678e-01	2.424566e-01	2.585778e-01	2.069292e-01	2.578968e-01	3.501541e-01	3.690632e-01	3.028692e-01	2.913607e-01	2.498821e-01	2.331998e-01	2.714184e-01	1.869388e-01	2.761891e-01	3.207453e-01	3.022140e-01	2.226802e-01	2.198283e-01	2.271512e-01	3.098645e-01	2.581286e-01	2.256385e-01	2.624182e-01	2.508534e-01	1.213911e-01	1.924536e-01	2.741925e-01	3.035430e-01	2.336214e-01	2.500643e-01	2.507400e-01	2.124548e-01	2.359462e-01	2.569336e-01	2.889572e-01	2.308854e-01	2.335547e-01	2.304620e-01	2.769525e-01	2.037780e-01	3.330938e-01	2.914175e-01	2.690580e-01	2.869676e-01	3.170091e-01	3.301136e-01	6.161210e-02	1.133973e-01	3.004435e-01	2.959219e-01	1.040176e-01	2.915091e-02	1.467310e-01	2.053350e-01	1.467994e-01	1.216976e-01	9.155210e-02	1.106481e-01	1.433159e-01	
3.410068e-01	3.194269e-01	5.440592e-01	2.673217e-01	7.479201e-01	5.508781e-01	6.007337e-01	6.787258e-01	3.883105e-01	2.845024e-01	6.229968e-01	4.237889e-01	4.378752e-01	4.548192e-01	4.309544e-01	3.479989e-01	3.012113e-01	4.477351e-01	6.171854e-01	3.752206e-01	4.326586e-01	6.155988e-01	3.145431e-01	4.411989e-01	3.613936e-01	5.271164e-01	2.737519e-01	2.618794e-01	3.836981e-01	4.078126e-01	3.969597e-01	3.905598e-01	2.964439e-01	3.615707e-01	3.935420e-01	6.316248e-01	5.965201e-01	3.397402e-01	4.233185e-01	4.876138e-01	3.979754e-01	4.545775e-01	5.659607e-01	5.557681e-01	5.217992e-01	4.439076e-01	5.230677e-01	5.983657e-01	3.819690e-01	4.816526e-01	5.858405e-01	5.259108e-01	6.250043e-01	4.616507e-01	4.299490e-01	4.725548e-01	4.683638e-01	5.398897e-01	3.558467e-01	4.058624e-01	3.882087e-01	5.144145e-01	4.175595e-01	4.458496e-01	4.137129e-01	4.054192e-01	4.236610e-01	4.706198e-01	5.945820e-01	4.533334e-01	4.063171e-01	4.654842e-01	5.806930e-01	3.996657e-01	6.632845e-01	4.006021e-01	2.958861e-01	4.168094e-01	4.336532e-01	2.660734e-01	4.107017e-01	6.821470e-01	6.743198e-01	4.838600e-01	5.605613e-01	4.084739e-01	3.835923e-01	3.987987e-01	2.668024e-01	5.769877e-01	6.455067e-01	6.082404e-01	3.424442e-01	4.124841e-01	3.971440e-01	5.961289e-01	4.413173e-01	4.267061e-01	4.447426e-01	3.700018e-01	2.003648e-01	3.445180e-01	4.905337e-01	5.519377e-01	4.525795e-01	3.766879e-01	3.924655e-01	3.991215e-01	3.996698e-01	4.348575e-01	5.954425e-01	4.331074e-01	4.982692e-01	3.464868e-01	4.703173e-01	2.982661e-01	4.997340e-01	4.719508e-01	4.292065e-01	4.301663e-01	5.078759e-01	6.403677e-01	8.843307e-02	1.618103e-01	5.867768e-01	5.973195e-01	1.573466e-01	6.222280e-02	2.005439e-01	3.532948e-01	1.785637e-01	2.133157e-01	1.353966e-01	1.298859e-01	2.083830e-01	
3.363317e-01	3.013583e-01	5.654488e-01	2.702851e-01	5.508781e-01	7.267158e-01	5.981279e-01	6.999581e-01	4.120554e-01	2.783601e-01	6.609410e-01	4.133251e-01	4.366695e-01	4.224677e-01	4.485626e-01	3.451417e-01	3.074373e-01	4.159569e-01	6.543352e-01	3.767244e-01	4.335327e-01	6.373970e-01	3.095840e-01	4.516746e-01	3.547732e-01	5.166826e-01	2.647619e-01	2.571350e-01	3.825480e-01	4.172522e-01	4.009868e-01	4.026340e-01	2.971897e-01	3.599306e-01	4.046008e-01	6.488713e-01	6.166060e-01	3.358206e-01	4.195485e-01	5.133157e-01	3.880673e-01	4.738333e-01	5.833114e-01	5.459478e-01	5.205546e-01	4.427452e-01	4.994146e-01	5.655205e-01	3.642039e-01	4.714200e-01	6.036623e-01	5.510476e-01	6.242873e-01	4.598341e-01	4.101707e-01	4.563082e-01	4.735510e-01	5.375303e-01	3.624926e-01	4.020877e-01	3.728036e-01	5.255007e-01	3.953967e-01	4.278422e-01	4.009745e-01	3.808216e-01	4.391182e-01	4.924172e-01	6.321735e-01	4.380135e-01	4.139691e-01	4.922648e-01	5.891658e-01	4.052886e-01	6.824781e-01	3.807895e-01	2.840527e-01	3.954837e-01	4.363162e-01	2.569709e-01	4.092814e-01	7.084446e-01	7.131546e-01	4.827501e-01	5.432370e-01	4.173145e-01	3.783109e-01	3.964345e-01	2.614186e-01	5.701615e-01	6.320843e-01	5.806787e-01	3.461322e-01	4.336759e-01	3.777604e-01	5.835025e-01	4.408174e-01	4.557457e-01	4.653801e-01	3.841161e-01	1.845581e-01	3.368632e-01	4.748640e-01	5.885373e-01	4.799600e-01	3.731795e-01	3.705033e-01	3.824162e-01	4.114616e-01	4.275478e-01	5.761093e-01	4.176711e-01	5.043212e-01	3.429621e-01	4.929018e-01	3.024018e-01	4.958575e-01	4.632734e-01	4.267589e-01	4.305847e-01	5.113029e-01	6.449996e-01	8.543535e-02	1.573500e-01	5.814297e-01	5.857752e-01	1.452510e-01	5.595388e-02	2.032679e-01	3.680773e-01	1.934902e-01	1.985197e-01	1.282636e-01	1.292197e-01	2.035065e-01	
3.617910e-01	3.420569e-01	6.107124e-01	2.925049e-01	6.007337e-01	5.981279e-01	8.215928e-01	7.501064e-01	4.837136e-01	3.241063e-01	7.022854e-01	4.954224e-01	5.037617e-01	5.151349e-01	4.891248e-01	4.121452e-01	3.409690e-01	5.254614e-01	6.878788e-01	4.230582e-01	5.041069e-01	6.758378e-01	3.413464e-01	5.148487e-01	4.111071e-01	5.909479e-01	2.905418e-01	2.778116e-01	4.435996e-01	4.735322e-01	4.521837e-01	4.489415e-01	3.233794e-01	4.237860e-01	4.578543e-01	7.103303e-01	6.608332e-01	3.790003e-01	4.902998e-01	5.805205e-01	4.529431e-01	5.137391e-01	6.547455e-01	6.192002e-01	6.047850e-01	5.039717e-01	5.576733e-01	6.296947e-01	4.326713e-01	5.646324e-01	6.580541e-01	6.103241e-01	6.900151e-01	5.215484e-01	4.895171e-01	5.495372e-01	5.529228e-01	5.837823e-01	3.969562e-01	4.654513e-01	4.313352e-01	5.749997e-01	4.849576e-01	5.283758e-01	4.809966e-01	4.549144e-01	4.957218e-01	5.512062e-01	6.551390e-01	5.100078e-01	4.796150e-01	5.653957e-01	6.457912e-01	4.384477e-01	7.281382e-01	4.541497e-01	2.888486e-01	4.862828e-01	5.175389e-01	2.733894e-01	4.839226e-01	7.581398e-01	7.621493e-01	5.641336e-01	6.120721e-01	4.786607e-01	4.476864e-01	4.443931e-01	2.732562e-01	6.301730e-01	7.094348e-01	6.489697e-01	3.869223e-01	4.818612e-01	4.710628e-01	6.332306e-01	5.257694e-01	4.972093e-01	4.940182e-01	4.255606e-01	2.335941e-01	3.883202e-01	5.616797e-01	6.374856e-01	5.307429e-01	4.300398e-01	4.540514e-01	4.577813e-01	4.803166e-01	5.123135e-01	6.208716e-01	4.884270e-01	5.121160e-01	3.786656e-01	5.360235e-01	3.717824e-01	5.896926e-01	5.394176e-01	4.957513e-01	4.948310e-01	5.948764e-01	6.996566e-01	7.219233e-02	1.875338e-01	6.406726e-01	6.563366e-01	1.623660e-01	5.722702e-02	2.333202e-01	4.030087e-01	2.169363e-01	2.319153e-01	1.444395e-01	1.372690e-01	2.462531e-01	
4.584058e-01	4.197276e-01	7.651412e-01	3.635451e-01	6.787258e-01	6.999581e-01	7.501064e-01	1.149983e+00	5.307591e-01	3.781324e-01	8.993452e-01	5.141198e-01	5.612573e-01	5.178686e-01	6.284318e-01	4.472477e-01	4.219762e-01	5.032157e-01	9.243826e-01	5.193976e-01	5.228457e-01	8.837800e-01	4.327580e-01	6.147869e-01	4.828649e-01	6.988372e-01	3.786774e-01	3.552074e-01	4.703723e-01	5.226664e-01	5.377151e-01	5.030497e-01	4.124874e-01	4.577680e-01	5.265729e-01	8.862360e-01	8.629175e-01	4.637155e-01	5.444404e-01	7.151370e-01	5.165460e-01	6.497579e-01	8.068248e-01	6.689317e-01	6.366056e-01	5.571835e-01	6.356491e-01	7.258978e-01	4.876003e-01	6.130972e-01	8.120481e-01	7.572939e-01	8.847568e-01	5.799487e-01	5.223775e-01	5.819754e-01	6.025465e-01	7.664372e-01	5.133600e-01	4.903804e-01	5.110063e-01	7.116792e-01	4.917166e-01	5.241130e-01	5.253963e-01	4.787664e-01	5.783341e-01	6.442528e-01	8.613923e-01	5.578031e-01	5.080885e-01	6.671943e-01	7.945520e-01	5.531531e-01	9.091664e-01	4.464746e-01	3.979549e-01	4.637216e-01	5.424933e-01	3.719741e-01	5.124823e-01	9.874903e-01	9.814290e-01	6.145928e-01	6.969531e-01	5.168493e-01	4.853146e-01	5.124613e-01	3.773872e-01	7.487744e-01	8.230220e-01	7.546558e-01	4.728765e-01	5.686742e-01	4.576258e-01	7.137528e-01	5.422178e-01	6.367921e-01	6.291259e-01	4.968238e-01	2.554895e-01	4.305121e-01	5.753327e-01	7.980020e-01	6.408580e-01	5.088723e-01	4.813436e-01	4.728980e-01	5.528484e-01	5.674158e-01	7.369113e-01	5.333072e-01	6.279698e-01	4.764073e-01	6.895759e-01	3.801878e-01	6.546396e-01	5.949153e-01	5.616247e-01	5.869901e-01	6.413166e-01	8.916700e-01	9.734804e-02	2.241444e-01	7.772062e-01	7.590632e-01	2.251474e-01	5.804029e-02	2.883010e-01	5.193916e-01	2.637915e-01	2.637094e-01	1.721202e-01	1.726917e-01	2.904014e-01	
3.239383e-01	3.389396e-01	5.169658e-01	2.662143e-01	3.883105e-01	4.120554e-01	4.837136e-01	5.307591e-01	7.071803e-01	3.136748e-01	5.054701e-01	4.899162e-01	5.016900e-01	5.015341e-01	4.334802e-01	4.203151e-01	3.303962e-01	5.578219e-01	5.147398e-01	3.916356e-01	5.317329e-01	4.910676e-01	3.190286e-01	4.971009e-01	4.231599e-01	5.032370e-01	2.582709e-01	2.386211e-01	4.284588e-01	4.735399e-01	4.157456e-01	4.323044e-01	3.007033e-01	4.625601e-01	4.610030e-01	5.464335e-01	4.598170e-01	3.734886e-01	4.817897e-01	4.636175e-01	4.246197e-01	4.105879e-01	5.121671e-01	5.530915e-01	5.732648e-01	3.975282e-01	4.262515e-01	4.834424e-01	4.320220e-01	5.908276e-01	5.062346e-01	4.924091e-01	5.056851e-01	4.891775e-01	4.774509e-01	5.527613e-01	5.455848e-01	4.130171e-01	3.864407e-01	4.642205e-01	4.081266e-01	4.210621e-01	5.060996e-01	5.625039e-01	4.986879e-01	4.731694e-01	4.412338e-01	4.984927e-01	4.800683e-01	5.104047e-01	5.063841e-01	5.027106e-01	4.763538e-01	3.652411e-01	5.369317e-01	5.150651e-01	2.613890e-01	5.176174e-01	5.002764e-01	2.573928e-01	5.047610e-01	5.678383e-01	5.634227e-01	5.506254e-01	4.729615e-01	5.005635e-01	4.544078e-01	4.606771e-01	2.456524e-01	4.655023e-01	5.246816e-01	4.650425e-01	3.687041e-01	3.679187e-01	5.030482e-01	4.828642e-01	5.561106e-01	3.740817e-01	4.408748e-01	4.263032e-01	1.969630e-01	3.692715e-01	5.529769e-01	5.102668e-01	4.304792e-01	4.437127e-01	4.968023e-01	4.526500e-01	4.594706e-01	5.179035e-01	4.326934e-01	4.277341e-01	3.467014e-01	3.519137e-01	4.421440e-01	4.519944e-01	6.314864e-01	5.556673e-01	5.010908e-01	5.027094e-01	6.130105e-01	5.186741e-01	5.793583e-02	2.050780e-01	4.841256e-01	4.864318e-01	1.845584e-01	3.971461e-02	2.431020e-01	3.279096e-01	2.348247e-01	2.314101e-01	1.431877e-01	1.763062e-01	2.268159e-01	
2.331896e-01	2.213381e-01	3.329817e-01	1.720653e-01	2.845024e-01	2.783601e-01	3.241063e-01	3.781324e-01	3.136748e-01	3.856066e-01	3.280058e-01	2.983849e-01	3.103605e-01	2.978602e-01	2.739395e-01	2.736439e-01	2.308181e-01	3.334493e-01	3.565537e-01	2.422956e-01	3.069338e-01	3.319727e-01	2.260036e-01	3.005954e-01	2.691430e-01	3.152907e-01	2.014276e-01	1.839689e-01	2.567984e-01	2.930497e-01	2.749868e-01	2.942138e-01	2.151831e-01	2.799622e-01	2.727364e-01	3.551313e-01	3.119937e-01	2.592903e-01	2.970394e-01	2.920346e-01	2.652092e-01	2.719841e-01	3.442867e-01	3.386472e-01	3.413696e-01	2.607758e-01	2.895246e-01	3.452744e-01	2.839010e-01	3.568762e-01	3.405137e-01	3.207959e-01	3.413089e-01	2.953696e-01	2.921705e-01	3.245818e-01	3.276847e-01	2.811661e-01	2.556441e-01	2.733439e-01	2.656862e-01	2.683802e-01	3.097480e-01	3.175944e-01	3.201461e-01	2.719245e-01	2.840248e-01	2.965028e-01	3.299051e-01	3.124547e-01	3.060167e-01	3.126169e-01	3.107562e-01	2.592181e-01	3.436251e-01	2.866206e-01	2.075161e-01	2.985900e-01	3.046386e-01	1.879629e-01	3.061228e-01	3.871008e-01	3.799785e-01	3.304941e-01	3.223908e-01	3.054123e-01	2.744498e-01	3.011542e-01	1.895305e-01	3.097591e-01	3.523462e-01	3.175265e-01	2.679477e-01	2.412360e-01	2.815089e-01	3.124787e-01	3.328811e-01	2.527961e-01	2.734412e-01	2.814474e-01	1.393262e-01	2.276028e-01	3.245753e-01	3.188423e-01	2.687846e-01	2.799404e-01	2.895259e-01	2.636855e-01	2.680226e-01	3.053353e-01	3.000652e-01	2.596574e-01	2.450065e-01	2.397615e-01	3.026305e-01	2.552527e-01	3.840826e-01	3.408149e-01	3.118959e-01	3.336612e-01	3.687979e-01	3.491277e-01	3.925635e-02	1.076740e-01	3.397625e-01	3.183259e-01	1.241062e-01	1.223182e-02	1.473325e-01	2.152868e-01	1.558786e-01	1.324882e-01	1.011497e-01	1.206768e-01	1.416623e-01	
4.332026e-01	3.839734e-01	7.313752e-01	3.177638e-01	6.229968e-01	6.609410e-01	7.022854e-01	8.993452e-01	5.054701e-01	3.280058e-01	1.050575e+00	4.597628e-01	5.356639e-01	4.622945e-01	5.843797e-01	4.254224e-01	3.907212e-01	4.559852e-01	8.706131e-01	4.810396e-01	4.918800e-01	8.316566e-01	3.848385e-01	5.700134e-01	4.647107e-01	6.867628e-01	3.149896e-01	3.130263e-01	4.416971e-01	4.809376e-01	5.125040e-01	4.665249e-01	3.705719e-01	4.290405e-01	4.920541e-01	8.418454e-01	8.136732e-01	4.264769e-01	5.087087e-01	7.036806e-01	4.942826e-01	6.362389e-01	7.581947e-01	6.322691e-01	5.808141e-01	5.338725e-01	5.851607e-01	6.539314e-01	4.392866e-01	5.585137e-01	7.738792e-01	7.322586e-01	8.281141e-01	5.288828e-01	4.676789e-01	5.520958e-01	5.799421e-01	7.201889e-01	4.595976e-01	4.479297e-01	4.682003e-01	6.947034e-01	4.422321e-01	4.870029e-01	4.800528e-01	4.287991e-01	5.559940e-01	6.355848e-01	8.209427e-01	5.204371e-01	4.734917e-01	6.588714e-01	7.709300e-01	5.216687e-01	8.859891e-01	4.048850e-01	3.522747e-01	4.265432e-01	5.148190e-01	3.373468e-01	4.879246e-01	9.516697e-01	9.163914e-01	5.722579e-01	6.326507e-01	4.843899e-01	4.464036e-01	4.911523e-01	3.269571e-01	7.024214e-01	7.500377e-01	7.109396e-01	4.349509e-01	5.726103e-01	4.292492e-01	6.558643e-01	5.057159e-01	6.085134e-01	6.026608e-01	4.654927e-01	2.446865e-01	3.994885e-01	5.291471e-01	7.668369e-01	6.335882e-01	4.620175e-01	4.622942e-01	4.417456e-01	5.271945e-01	5.181630e-01	6.767052e-01	4.878558e-01	5.829560e-01	4.253592e-01	6.519278e-01	3.629063e-01	5.874064e-01	5.437712e-01	5.286508e-01	5.290631e-01	5.982188e-01	8.388955e-01	7.914700e-02	2.068289e-01	7.222573e-01	7.017774e-01	1.856580e-01	6.240191e-02	2.579235e-01	5.030600e-01	2.599160e-01	2.319792e-01	1.423296e-01	1.439306e-01	2.670604e-01	
2.900845e-01	3.021368e-01	4.834305e-01	2.523644e-01	4.237889e-01	4.133251e-01	4.954224e-01	5.141198e-01	4.899162e-01	2.983849e-01	4.597628e-01	6.787634e-01	4.850499e-01	5.034420e-01	4.201739e-01	3.965821e-01	2.917944e-01	5.697913e-01	4.571024e-01	3.637617e-01	5.347810e-01	4.675871e-01	2.793249e-01	4.685405e-01	3.842023e-01	4.837428e-01	2.375237e-01	2.133025e-01	4.428060e-01	4.834908e-01	3.879513e-01	4.257624e-01	2.706379e-01	4.408159e-01	4.303172e-01	5.229817e-01	4.286966e-01	3.199665e-01	4.670881e-01	4.334054e-01	4.101813e-01	3.898435e-01	4.919002e-01	5.374148e-01	5.812561e-01	4.053074e-01	4.480156e-01	4.907959e-01	4.409970e-01	5.577277e-01	5.081365e-01	4.555747e-01	4.802567e-01	4.972793e-01	4.810337e-01	5.416130e-01	5.195659e-01	3.722615e-01	3.431002e-01	4.556582e-01	3.831386e-01	4.100093e-01	5.177121e-01	5.504738e-01	4.917635e-01	4.690826e-01	4.221311e-01	4.817386e-01	4.292825e-01	4.997787e-01	4.936329e-01	4.928775e-01	4.636443e-01	3.353680e-01	5.170142e-01	4.978489e-01	2.334470e-01	5.363806e-01	5.076992e-01	2.198543e-01	4.862206e-01	5.197056e-01	5.323859e-01	5.515929e-01	4.747043e-01	4.810590e-01	4.561768e-01	4.317810e-01	2.169151e-01	4.851236e-01	5.267977e-01	4.753796e-01	3.541842e-01	3.593470e-01	4.940147e-01	5.044193e-01	5.619348e-01	3.522218e-01	4.189125e-01	3.972773e-01	1.985637e-01	3.570350e-01	5.660012e-01	4.777575e-01	4.131378e-01	4.149824e-01	4.621591e-01	4.557034e-01	4.379411e-01	5.031718e-01	4.503389e-01	4.305930e-01	3.584512e-01	3.266592e-01	4.269827e-01	4.264065e-01	6.015507e-01	5.369949e-01	4.849723e-01	4.744425e-01	6.017952e-01	4.991535e-01	4.038613e-02	1.791190e-01	5.029034e-01	4.941585e-01	1.557247e-01	4.976981e-02	1.952981e-01	2.957909e-01	2.055074e-01	2.171036e-01	1.359098e-01	1.565598e-01	1.994193e-01	
3.454809e-01	3.218411e-01	5.399069e-01	2.631485e-01	4.378752e-01	4.366695e-01	5.037617e-01	5.612573e-01	5.016900e-01	3.103605e-01	5.356639e-01	4.850499e-01	6.866340e-01	5.038512e-01	4.677582e-01	4.171007e-01	3.300324e-01	5.413143e-01	5.264606e-01	3.970842e-01	5.166060e-01	5.339144e-01	3.176714e-01	5.132936e-01	4.097753e-01	5.413587e-01	2.630403e-01	2.326202e-01	4.361435e-01	4.932604e-01	4.418830e-01	4.481831e-01	2.953625e-01	4.553752e-01	4.639894e-01	5.736009e-01	4.836389e-01	3.584490e-01	4.842224e-01	4.768130e-01	4.368209e-01	4.439794e-01	5.456451e-01	5.662351e-01	5.758839e-01	4.140625e-01	4.514935e-01	5.078884e-01	4.368229e-01	5.713956e-01	5.583151e-01	5.209037e-01	5.393777e-01	4.937023e-01	4.723648e-01	5.466747e-01	5.489734e-01	4.345062e-01	3.945884e-01	4.524652e-01	4.039791e-01	4.523263e-01	5.027845e-01	5.354484e-01	5.156306e-01	4.602320e-01	4.629794e-01	5.225660e-01	5.116602e-01	4.964163e-01	5.008529e-01	5.364929e-01	5.132662e-01	3.939059e-01	5.800301e-01	4.831172e-01	2.593467e-01	4.991986e-01	4.988598e-01	2.430235e-01	4.929734e-01	5.996385e-01	5.960990e-01	5.499618e-01	4.903660e-01	4.890431e-01	4.410426e-01	4.621755e-01	2.383129e-01	5.072810e-01	5.426431e-01	4.928349e-01	3.816882e-01	3.942609e-01	4.736075e-01	4.987750e-01	5.471850e-01	4.298025e-01	4.735335e-01	4.223048e-01	2.130365e-01	3.652523e-01	5.432066e-01	5.401744e-01	4.609417e-01	4.547951e-01	4.700564e-01	4.568974e-01	4.693087e-01	5.151014e-01	4.656920e-01	4.238824e-01	3.862881e-01	3.692171e-01	4.897361e-01	4.223110e-01	6.189321e-01	5.557173e-01	4.974717e-01	5.170261e-01	5.903250e-01	5.392163e-01	4.905308e-02	1.957660e-01	5.267082e-01	4.972831e-01	1.720477e-01	3.716603e-02	2.207126e-01	3.293054e-01	2.419310e-01	2.121796e-01	1.489320e-01	1.735529e-01	2.114326e-01	
3.039834e-01	3.067138e-01	4.798447e-01	2.480969e-01	4.548192e-01	4.224677e-01	5.151349e-01	5.178686e-01	5.015341e-01	2.978602e-01	4.622945e-01	5.034420e-01	5.038512e-01	7.036889e-01	3.945332e-01	4.034718e-01	3.028349e-01	5.970552e-01	4.419796e-01	3.611098e-01	5.464382e-01	4.584572e-01	3.006263e-01	4.554194e-01	3.947289e-01	4.806700e-01	2.376006e-01	2.128754e-01	4.371529e-01	4.823653e-01	3.806152e-01	4.198904e-01	2.698307e-01	4.477588e-01	4.380424e-01	5.153466e-01	4.309882e-01	3.202187e-01	4.531700e-01	4.203753e-01	4.120379e-01	3.725724e-01	5.035717e-01	5.742034e-01	5.908874e-01	4.176314e-01	4.460872e-01	5.062546e-01	4.394510e-01	5.797546e-01	4.968488e-01	4.549067e-01	4.916911e-01	5.201853e-01	4.851900e-01	5.566304e-01	5.254725e-01	3.898048e-01	3.558383e-01	4.886700e-01	3.783295e-01	4.043250e-01	5.345782e-01	5.648978e-01	4.973492e-01	4.876480e-01	4.242114e-01	4.756626e-01	4.249717e-01	5.187104e-01	4.909513e-01	4.727629e-01	4.568601e-01	3.413132e-01	5.078323e-01	5.180342e-01	2.134135e-01	5.530293e-01	5.086448e-01	2.160148e-01	4.935417e-01	5.216799e-01	5.295670e-01	5.453533e-01	4.869642e-01	4.908609e-01	4.455644e-01	4.242172e-01	2.271172e-01	4.796112e-01	5.480324e-01	4.902727e-01	3.410689e-01	3.410698e-01	5.002049e-01	5.240995e-01	5.737773e-01	3.551847e-01	4.125776e-01	3.963094e-01	2.039971e-01	3.659519e-01	5.700822e-01	4.719211e-01	4.016083e-01	4.270834e-01	4.753481e-01	4.571123e-01	4.288124e-01	4.900683e-01	4.573781e-01	4.370989e-01	3.638972e-01	3.224914e-01	4.072939e-01	4.132659e-01	5.995401e-01	5.466512e-01	4.835491e-01	4.791199e-01	5.885243e-01	4.907640e-01	6.010177e-02	1.671893e-01	5.080972e-01	5.016338e-01	1.437322e-01	4.059337e-02	1.974156e-01	2.873974e-01	1.946614e-01	2.095275e-01	1.252001e-01	1.667754e-01	1.801699e-01	
3.247342e-01	3.097241e-01	5.633844e-01	2.556158e-01	4.309544e-01	4.485626e-01	4.891248e-01	6.284318e-01	4.334802e-01	2.739395e-01	5.843797e-01	4.201739e-01	4.677582e-01	3.945332e-01	6.703991e-01	3.526112e-01	3.009946e-01	4.075250e-01	6.051771e-01	4.062384e-01	4.353456e-01	5.804434e-01	2.966739e-01	4.928724e-01	3.610763e-01	5.635031e-01	2.304954e-01	2.282411e-01	3.887090e-01	4.390379e-01	4.201999e-01	4.181425e-01	2.771932e-01	3.884143e-01	4.218362e-01	6.175568e-01	5.563746e-01	3.336043e-01	4.534731e-01	5.275017e-01	4.150734e-01	4.970156e-01	5.727366e-01	4.897385e-01	5.197051e-01	3.928323e-01	4.241696e-01	4.868566e-01	3.892671e-01	4.878689e-01	6.046551e-01	5.454309e-01	5.590885e-01	4.450743e-01	4.232960e-01	4.811127e-01	4.874726e-01	4.895567e-01	3.736148e-01	3.703862e-01	3.601837e-01	5.134659e-01	4.161334e-01	4.279852e-01	4.318548e-01	3.766038e-01	4.570019e-01	5.228541e-01	5.755420e-01	4.460711e-01	4.283239e-01	5.571174e-01	5.726170e-01	3.926589e-01	6.487990e-01	3.788288e-01	2.657161e-01	3.810121e-01	4.487241e-01	2.533088e-01	4.298242e-01	6.634096e-01	6.519805e-01	4.937729e-01	4.681588e-01	4.378917e-01	3.933102e-01	3.894927e-01	2.328256e-01	4.997496e-01	5.364038e-01	4.967050e-01	3.540880e-01	4.228224e-01	3.789469e-01	4.753415e-01	4.762615e-01	4.633165e-01	5.084170e-01	3.735909e-01	1.938889e-01	3.191909e-01	4.590040e-01	5.922844e-01	5.020010e-01	3.847186e-01	3.874006e-01	4.065748e-01	4.473540e-01	4.749070e-01	4.569893e-01	3.823889e-01	3.920897e-01	3.430063e-01	5.230271e-01	3.544871e-01	5.358303e-01	4.698422e-01	4.380948e-01	4.577000e-01	5.210868e-01	5.873819e-01	4.618931e-02	1.895813e-01	5.408610e-01	4.901473e-01	1.728544e-01	3.572105e-02	2.108105e-01	3.621729e-01	2.123462e-01	1.956879e-01	1.353563e-01	1.197142e-01	2.260133e-01	
2.919814e-01	3.054009e-01	4.382132e-01	2.453583e-01	3.479989e-01	3.451417e-01	4.121452e-01	4.472477e-01	4.203151e-01	2.736439e-01	4.254224e-01	3.965821e-01	4.171007e-01	4.034718e-01	3.526112e-01	5.748317e-01	3.298359e-01	4.385661e-01	4.255659e-01	3.387328e-01	4.081769e-01	4.224234e-01	3.139064e-01	3.986548e-01	3.734274e-01	4.050647e-01	2.649778e-01	2.368132e-01	3.317757e-01	3.905108e-01	3.623524e-01	3.801139e-01	2.993608e-01	3.913873e-01	3.533059e-01	4.561429e-01	3.901699e-01	3.672054e-01	3.964031e-01	3.651991e-01	3.497908e-01	3.583969e-01	4.121894e-01	4.441590e-01	4.471545e-01	3.294918e-01	3.740543e-01	4.160382e-01	3.931488e-01	4.944825e-01	4.216284e-01	4.299398e-01	4.279477e-01	3.938033e-01	3.632398e-01	4.189034e-01	4.345870e-01	3.384785e-01	3.566876e-01	3.653505e-01	3.698260e-01	3.467122e-01	4.005937e-01	4.266236e-01	4.369379e-01	3.801738e-01	3.711719e-01	4.038705e-01	4.001731e-01	4.011070e-01	3.973744e-01	4.177334e-01	3.827611e-01	3.072103e-01	4.431798e-01	4.054647e-01	2.659431e-01	3.984398e-01	4.130546e-01	2.805745e-01	4.129714e-01	4.669057e-01	4.611921e-01	4.377819e-01	3.923506e-01	4.012645e-01	3.639758e-01	4.202769e-01	2.420612e-01	3.917539e-01	4.178818e-01	3.789463e-01	3.664607e-01	3.244672e-01	3.695552e-01	3.996463e-01	4.213683e-01	3.094663e-01	3.425244e-01	3.966943e-01	1.777359e-01	3.001527e-01	4.333604e-01	4.154811e-01	3.536207e-01	3.695217e-01	3.793835e-01	3.611532e-01	3.750238e-01	4.132609e-01	3.472437e-01	3.187722e-01	2.792841e-01	3.236856e-01	3.828983e-01	3.374192e-01	5.198283e-01	4.359170e-01	4.250043e-01	4.414844e-01	4.804587e-01	4.542922e-01	4.598982e-02	1.461876e-01	4.220480e-01	4.124580e-01	1.412697e-01	3.607567e-02	1.846135e-01	2.822944e-01	2.125125e-01	1.461840e-01	1.342900e-01	1.590044e-01	1.739182e-01	
2.894199e-01	2.848133e-01	3.841610e-01	2.224000e-01	3.012113e-01	3.074373e-01	3.409690e-01	4.219762e-01	3.303962e-01	2.308181e-01	3.907212e-01	2.917944e-01	3.300324e-01	3.028349e-01	3.009946e-01	3.298359e-01	4.751835e-01	3.182262e-01	4.106639e-01	2.908138e-01	3.078991e-01	3.954223e-01	2.963669e-01	3.291044e-01	3.176270e-01	3.399692e-01	2.622896e-01	2.394052e-01	2.511228e-01	3.054054e-01	3.114531e-01	3.167176e-01	2.728342e-01	3.083022e-01	2.875303e-01	3.907230e-01	3.710309e-01	3.352742e-01	3.084870e-01	3.253859e-01	2.731783e-01	3.108707e-01	3.634045e-01	3.478748e-01	3.276466e-01	2.765047e-01	3.099054e-01	3.739636e-01	3.128378e-01	3.844919e-01	3.597309e-01	3.787402e-01	4.167282e-01	2.912124e-01	2.828019e-01	2.955128e-01	3.483681e-01	3.233874e-01	3.112081e-01	2.810394e-01	3.254697e-01	3.001859e-01	3.097862e-01	3.249308e-01	3.484482e-01	2.825820e-01	3.012403e-01	3.113315e-01	4.064582e-01	3.218323e-01	3.053114e-01	3.516231e-01	3.471620e-01	2.681291e-01	3.943215e-01	3.103064e-01	2.922140e-01	2.836085e-01	2.831535e-01	2.749755e-01	3.264289e-01	4.422418e-01	4.417492e-01	3.442113e-01	3.090303e-01	3.026182e-01	2.651118e-01	3.455264e-01	2.423763e-01	3.411147e-01	3.654053e-01	3.354254e-01	3.206525e-01	2.745273e-01	2.743703e-01	3.321809e-01	3.123924e-01	2.756960e-01	3.049651e-01	3.341566e-01	1.490346e-01	2.231542e-01	3.272186e-01	3.601723e-01	3.032181e-01	3.249802e-01	3.168516e-01	2.743365e-01	2.937201e-01	3.290175e-01	3.133388e-01	2.588252e-01	2.558518e-01	3.136835e-01	3.450401e-01	2.563730e-01	4.180369e-01	3.450678e-01	3.507973e-01	3.717628e-01	3.688451e-01	4.243026e-01	6.513824e-02	1.268369e-01	3.467934e-01	3.361557e-01	1.440601e-01	2.675797e-02	1.752770e-01	2.397401e-01	2.007868e-01	1.336018e-01	1.270593e-01	1.431335e-01	1.673120e-01	
3.183525e-01	3.089880e-01	4.731232e-01	2.629371e-01	4.477351e-01	4.159569e-01	5.254614e-01	5.032157e-01	5.578219e-01	3.334493e-01	4.559852e-01	5.697913e-01	5.413143e-01	5.970552e-01	4.075250e-01	4.385661e-01	3.182262e-01	8.474671e-01	4.446829e-01	3.746623e-01	6.126188e-01	4.508197e-01	3.102456e-01	4.998220e-01	4.405429e-01	4.973233e-01	2.559330e-01	2.134626e-01	4.905367e-01	5.254588e-01	4.015785e-01	4.518064e-01	2.902504e-01	4.913709e-01	4.686080e-01	5.398792e-01	4.103394e-01	3.499867e-01	4.946820e-01	4.410577e-01	4.442991e-01	3.935041e-01	5.020017e-01	6.103778e-01	6.304133e-01	4.328889e-01	4.654309e-01	5.192643e-01	4.911197e-01	6.310995e-01	5.024813e-01	4.657319e-01	4.743561e-01	5.498171e-01	5.342960e-01	5.987020e-01	5.811513e-01	3.601146e-01	3.795083e-01	5.337260e-01	4.147218e-01	4.037988e-01	5.969314e-01	6.320321e-01	5.499896e-01	5.350268e-01	4.547650e-01	5.010084e-01	4.122393e-01	5.599478e-01	5.576997e-01	5.030004e-01	4.428170e-01	3.569225e-01	5.055943e-01	5.901645e-01	2.497593e-01	6.202475e-01	5.549420e-01	2.250834e-01	5.388139e-01	5.052625e-01	5.233860e-01	6.123599e-01	5.186096e-01	5.509029e-01	4.998305e-01	4.823468e-01	2.192164e-01	4.884557e-01	5.566916e-01	4.882139e-01	3.670348e-01	3.565975e-01	5.775136e-01	5.331758e-01	6.416376e-01	3.598699e-01	4.183636e-01	4.438381e-01	2.133207e-01	4.054259e-01	6.393434e-01	4.740536e-01	4.149754e-01	4.532376e-01	5.234405e-01	5.158603e-01	4.640300e-01	5.524616e-01	4.580972e-01	4.720355e-01	3.514424e-01	3.403033e-01	4.198852e-01	4.831618e-01	6.830656e-01	6.058322e-01	5.208830e-01	5.334215e-01	6.612396e-01	4.894205e-01	3.615976e-02	1.965770e-01	5.255735e-01	5.243614e-01	1.664491e-01	3.878016e-02	2.176592e-01	2.936249e-01	2.157112e-01	2.421561e-01	1.396808e-01	1.829216e-01	2.083151e-01	
4.338761e-01	4.005083e-01	7.324691e-01	3.293643e-01	6.171854e-01	6.543352e-01	6.878788e-01	9.243826e-01	5.147398e-01	3.565537e-01	8.706131e-01	4.571024e-01	5.264606e-01	4.419796e-01	6.051771e-01	4.255659e-01	4.106639e-01	4.446829e-01	1.069528e+00	5.016114e-01	4.625289e-01	8.497648e-01	4.079521e-01	5.852257e-01	4.656395e-01	6.727856e-01	3.357075e-01	3.320589e-01	4.375641e-01	4.938438e-01	5.402538e-01	4.911515e-01	3.912782e-01	4.537853e-01	4.991015e-01	8.576520e-01	8.280990e-01	4.417651e-01	5.216087e-01	6.861603e-01	4.971602e-01	6.359337e-01	7.635200e-01	6.179839e-01	5.687222e-01	5.306743e-01	5.904618e-01	6.721780e-01	4.570846e-01	5.615028e-01	7.714322e-01	7.377276e-01	8.370639e-01	5.107701e-01	4.645664e-01	5.421364e-01	5.672915e-01	7.273401e-01	4.863111e-01	4.416372e-01	4.783832e-01	6.821580e-01	4.406540e-01	4.865389e-01	4.943463e-01	4.237177e-01	5.596045e-01	6.320968e-01	8.425449e-01	5.189969e-01	4.721717e-01	6.537888e-01	7.755761e-01	5.183564e-01	8.746772e-01	3.960737e-01	3.780513e-01	4.151033e-01	4.997982e-01	3.512261e-01	4.890315e-01	9.781573e-01	9.402135e-01	5.798091e-01	6.356795e-01	4.905002e-01	4.535991e-01	5.043567e-01	3.481587e-01	6.952931e-01	7.429290e-01	7.049326e-01	4.637430e-01	5.628216e-01	4.237387e-01	6.554709e-01	5.034141e-01	5.988569e-01	6.175739e-01	4.852909e-01	2.352157e-01	3.937065e-01	5.183082e-01	7.753626e-01	6.131236e-01	4.685768e-01	4.688913e-01	4.436210e-01	5.180823e-01	5.293833e-01	6.748580e-01	4.722201e-01	5.836967e-01	4.491146e-01	6.603156e-01	3.663600e-01	6.015126e-01	5.524140e-01	5.391867e-01	5.552084e-01	6.018397e-01	8.755164e-01	8.225575e-02	2.239723e-01	7.335328e-01	7.034990e-01	2.181282e-01	6.483550e-02	2.830833e-01	5.038866e-01	2.642786e-01	2.352560e-01	1.734600e-01	1.575943e-01	2.786944e-01	
3.003568e-01	2.880987e-01	4.774687e-01	2.298435e-01	3.752206e-01	3.767244e-01	4.230582e-01	5.193976e-01	3.916356e-01	2.422956e-01	4.810396e-01	3.637617e-01	3.970842e-01	3.611098e-01	4.062384e-01	3.387328e-01	2.908138e-01	3.746623e-01	5.016114e-01	5.204335e-01	3.674088e-01	4.922729e-01	2.856366e-01	4.241152e-01	3.404050e-01	4.411043e-01	2.367510e-01	2.240932e-01	3.215163e-01	3.759728e-01	3.695790e-01	3.626508e-01	2.709093e-01	3.660377e-01	3.616328e-01	5.144643e-01	4.682159e-01	3.220623e-01	3.785816e-01	4.322015e-01	3.672710e-01	4.036835e-01	4.745796e-01	4.331057e-01	4.335507e-01	3.256177e-01	3.657149e-01	4.158639e-01	3.542613e-01	4.510096e-01	4.943864e-01	4.648410e-01	4.826314e-01	3.746738e-01	3.680167e-01	4.121815e-01	4.330060e-01	4.065511e-01	3.632657e-01	3.327929e-01	3.431080e-01	4.057722e-01	3.675877e-01	3.918198e-01	3.958936e-01	3.425066e-01	3.918922e-01	4.384285e-01	4.797105e-01	3.887538e-01	3.667734e-01	4.521221e-01	4.646801e-01	3.260237e-01	5.123179e-01	3.568614e-01	2.602195e-01	3.585361e-01	3.799745e-01	2.430474e-01	3.838860e-01	5.663511e-01	5.375802e-01	4.305014e-01	4.096822e-01	3.738804e-01	3.386408e-01	3.692468e-01	2.203909e-01	4.215928e-01	4.480659e-01	4.179195e-01	3.358354e-01	3.524644e-01	3.421755e-01	4.089375e-01	3.964576e-01	3.669501e-01	4.011985e-01	3.546473e-01	1.740302e-01	2.866160e-01	3.954109e-01	4.809285e-01	4.065769e-01	3.627471e-01	3.555838e-01	3.498949e-01	3.811229e-01	3.949388e-01	3.932088e-01	3.312064e-01	3.236478e-01	3.139986e-01	4.311696e-01	3.159626e-01	4.840044e-01	3.971973e-01	4.092575e-01	4.324342e-01	4.642867e-01	4.918507e-01	4.511598e-02	1.567933e-01	4.452921e-01	4.205364e-01	1.422124e-01	2.844364e-02	1.908627e-01	3.008962e-01	2.035882e-01	1.629154e-01	1.248223e-01	1.261368e-01	1.775389e-01	
2.920847e-01	3.073948e-01	5.010094e-01	2.603862e-01	4.326586e-01	4.335327e-01	5.041069e-01	5.228457e-01	5.317329e-01	3.069338e-01	4.918800e-01	5.347810e-01	5.166060e-01	5.464382e-01	4.353456e-01	4.081769e-01	3.078991e-01	6.126188e-01	4.625289e-01	3.674088e-01	7.809946e-01	4.838508e-01	2.966973e-01	4.914599e-01	4.193463e-01	4.919381e-01	2.528660e-01	2.216604e-01	4.743216e-01	5.037390e-01	3.944196e-01	4.310823e-01	2.596396e-01	4.549306e-01	4.588023e-01	5.356109e-01	4.286379e-01	3.356515e-01	4.825043e-01	4.465772e-01	4.369821e-01	4.000889e-01	5.177961e-01	5.777364e-01	6.167660e-01	4.132367e-01	4.381691e-01	5.083796e-01	4.506233e-01	5.865687e-01	5.251075e-01	4.695728e-01	4.849233e-01	5.373985e-01	4.995054e-01	5.864881e-01	5.473574e-01	3.953108e-01	3.543551e-01	5.037515e-01	3.970210e-01	4.152063e-01	5.416621e-01	5.682292e-01	5.137250e-01	4.922626e-01	4.528844e-01	5.030327e-01	4.537420e-01	5.366259e-01	5.167579e-01	5.241500e-01	4.762818e-01	3.552627e-01	5.304811e-01	5.468697e-01	2.555320e-01	5.711661e-01	5.250266e-01	2.212539e-01	5.163976e-01	5.418489e-01	5.469889e-01	6.003996e-01	4.829182e-01	5.309472e-01	4.839358e-01	4.494047e-01	2.336815e-01	4.930890e-01	5.499853e-01	4.810432e-01	3.598902e-01	3.623773e-01	5.168646e-01	5.238257e-01	6.141747e-01	3.788003e-01	4.497486e-01	3.951675e-01	2.075484e-01	3.789483e-01	5.960884e-01	4.957653e-01	4.181338e-01	4.390531e-01	4.955445e-01	4.784767e-01	4.724804e-01	5.402763e-01	4.573787e-01	4.507918e-01	3.633333e-01	3.308058e-01	4.255812e-01	4.481650e-01	6.343991e-01	5.934368e-01	5.075933e-01	5.128333e-01	6.206297e-01	4.931722e-01	6.642911e-02	1.996162e-01	5.259607e-01	5.009042e-01	1.833270e-01	6.545361e-02	2.380707e-01	3.217227e-01	2.248405e-01	2.473192e-01	1.569128e-01	1.941714e-01	2.238240e-01	
4.149026e-01	3.788116e-01	7.135905e-01	3.233111e-01	6.155988e-01	6.373970e-01	6.758378e-01	8.837800e-01	4.910676e-01	3.319727e-01	8.316566e-01	4.675871e-01	5.339144e-01	4.584572e-01	5.804434e-01	4.224234e-01	3.954223e-01	4.508197e-01	8.497648e-01	4.922729e-01	4.838508e-01	9.964807e-01	3.960685e-01	5.859833e-01	4.498334e-01	6.553766e-01	3.176017e-01	3.242822e-01	4.561855e-01	4.834540e-01	5.085341e-01	4.783547e-01	3.718140e-01	4.377811e-01	4.934537e-01	8.257277e-01	8.049756e-01	4.340162e-01	5.132054e-01	6.725969e-01	4.924980e-01	6.197001e-01	7.361863e-01	6.229253e-01	5.808246e-01	5.224254e-01	5.773630e-01	6.473668e-01	4.523066e-01	5.655159e-01	7.651202e-01	7.085575e-01	8.112461e-01	5.293233e-01	4.759056e-01	5.471098e-01	5.650647e-01	7.161123e-01	4.713029e-01	4.528902e-01	4.580878e-01	6.634502e-01	4.525393e-01	4.843926e-01	4.901313e-01	4.445501e-01	5.412655e-01	6.169255e-01	8.075608e-01	5.141578e-01	4.670883e-01	6.475661e-01	7.536762e-01	5.049144e-01	8.717256e-01	4.241652e-01	3.735929e-01	4.251866e-01	5.134262e-01	3.262124e-01	5.023144e-01	9.366185e-01	9.130159e-01	5.620691e-01	6.347786e-01	4.922602e-01	4.574066e-01	4.922425e-01	3.403373e-01	6.747233e-01	7.337994e-01	6.894834e-01	4.471738e-01	5.490082e-01	4.179257e-01	6.509117e-01	5.123357e-01	5.977875e-01	5.964487e-01	4.639973e-01	2.461987e-01	3.848919e-01	5.267195e-01	7.508092e-01	6.057537e-01	4.667364e-01	4.495741e-01	4.523792e-01	5.241592e-01	5.302336e-01	6.591198e-01	4.824664e-01	5.707398e-01	4.409703e-01	6.419200e-01	3.685764e-01	5.991557e-01	5.458317e-01	5.264872e-01	5.555249e-01	5.961604e-01	8.396697e-01	9.339375e-02	2.128064e-01	7.086631e-01	6.886580e-01	2.029122e-01	5.681037e-02	2.579899e-01	4.683900e-01	2.647474e-01	2.332403e-01	1.764505e-01	1.510471e-01	2.723462e-01	
