5.728997e-01	3.445560e-01	4.755840e-01	2.326813e-01	3.977296e-01	3.685280e-01	3.910747e-01	5.261564e-01	3.957486e-01	2.828788e-01	4.909223e-01	2.691158e-01	3.529063e-01	2.682707e-01	4.392413e-01	3.943200e-01	2.822399e-01	3.370179e-01	4.964941e-01	4.010515e-01	2.964864e-01	4.568020e-01	2.826313e-01	3.951583e-01	3.830013e-01	3.949801e-01	2.992046e-01	2.589560e-01	3.238154e-01	3.548618e-01	3.838738e-01	3.661018e-01	3.458863e-01	3.149494e-01	2.991744e-01	4.172345e-01	4.689217e-01	2.784709e-01	3.295180e-01	4.237807e-01	3.184157e-01	3.851215e-01	4.480892e-01	3.906598e-01	3.375519e-01	3.133036e-01	3.706807e-01	3.778748e-01	3.338263e-01	3.875302e-01	5.227501e-01	4.425502e-01	5.297315e-01	2.914573e-01	3.732502e-01	3.517726e-01	2.996704e-01	5.939276e-01	3.533238e-01	3.234243e-01	3.541882e-01	4.759573e-01	3.359938e-01	3.210245e-01	3.872692e-01	2.921108e-01	3.607703e-01	4.044122e-01	5.024120e-01	3.632393e-01	3.613685e-01	4.482112e-01	5.137610e-01	3.268408e-01	5.229979e-01	3.217235e-01	3.054652e-01	3.070027e-01	3.155475e-01	3.382475e-01	3.772861e-01	5.915818e-01	5.492934e-01	4.353307e-01	4.009999e-01	3.309093e-01	3.519319e-01	3.630525e-01	2.551588e-01	3.943845e-01	4.777486e-01	4.701252e-01	3.668685e-01	3.952746e-01	3.312289e-01	3.848309e-01	3.550485e-01	4.204454e-01	4.322658e-01	3.519834e-01	2.417669e-01	2.210110e-01	3.072604e-01	4.321060e-01	3.875141e-01	3.561415e-01	2.740500e-01	2.524347e-01	3.146588e-01	3.493958e-01	4.098946e-01	3.101721e-01	3.546417e-01	3.452532e-01	3.850034e-01	2.989130e-01	3.808488e-01	3.354465e-01	3.687636e-01	3.558611e-01	3.511198e-01	5.762031e-01	5.348441e-02	1.465718e-01	3.885855e-01	4.151928e-01	1.642351e-01	5.801883e-02	2.133204e-01	3.193191e-01	2.220943e-01	1.495595e-01	1.712634e-01	1.262097e-01	1.824300e-01	
3.445560e-01	4.801291e-01	3.894325e-01	2.120635e-01	3.271581e-01	2.851543e-01	3.249981e-01	4.374454e-01	3.592675e-01	2.548260e-01	3.954902e-01	2.554772e-01	3.129321e-01	2.512369e-01	3.473992e-01	3.670389e-01	2.682743e-01	3.040730e-01	3.979740e-01	3.497919e-01	2.814599e-01	3.610037e-01	2.684109e-01	3.383098e-01	3.538754e-01	3.304526e-01	2.908872e-01	2.543577e-01	2.807215e-01	3.282364e-01	3.144431e-01	3.320676e-01	3.163239e-01	3.005344e-01	2.618218e-01	3.286086e-01	3.741715e-01	2.725218e-01	2.947205e-01	3.435886e-01	2.752185e-01	3.025210e-01	3.666506e-01	3.437870e-01	3.136946e-01	2.654950e-01	3.167129e-01	3.099633e-01	3.190365e-01	3.487653e-01	4.152980e-01	3.481278e-01	4.459766e-01	2.637090e-01	3.242225e-01	3.045503e-01	2.817165e-01	4.713370e-01	3.291474e-01	2.912296e-01	3.245196e-01	3.942251e-01	3.277759e-01	3.005365e-01	3.772061e-01	2.625441e-01	3.059863e-01	3.284107e-01	4.097193e-01	3.239171e-01	3.312369e-01	3.691531e-01	3.978162e-01	2.609293e-01	4.045989e-01	2.985227e-01	2.801043e-01	2.726074e-01	2.833078e-01	3.035723e-01	3.352954e-01	4.737006e-01	4.387148e-01	3.846058e-01	3.499679e-01	2.884281e-01	3.257393e-01	3.518405e-01	2.438973e-01	3.232749e-01	3.890491e-01	3.845574e-01	3.335399e-01	3.236183e-01	2.959211e-01	3.141428e-01	3.130761e-01	3.313787e-01	3.424113e-01	3.400698e-01	2.059748e-01	2.043361e-01	2.769016e-01	3.501735e-01	3.053057e-01	3.435793e-01	2.511381e-01	2.282325e-01	2.639401e-01	3.173698e-01	3.369994e-01	2.628285e-01	2.628046e-01	3.199098e-01	3.118043e-01	2.798292e-01	3.512209e-01	3.043751e-01	3.527635e-01	3.477959e-01	3.271627e-01	4.815322e-01	5.919911e-02	1.152934e-01	3.136975e-01	3.417632e-01	1.429264e-01	4.307145e-02	1.730455e-01	2.614594e-01	1.873708e-01	1.253838e-01	1.451197e-01	1.116808e-01	1.340504e-01	
4.755840e-01	3.894325e-01	8.272214e-01	2.696304e-01	5.325484e-01	4.706593e-01	5.228195e-01	6.730621e-01	5.339077e-01	3.570614e-01	6.291307e-01	3.745560e-01	4.936790e-01	3.983468e-01	5.808550e-01	5.047830e-01	3.448462e-01	4.790360e-01	6.172543e-01	5.198518e-01	4.334154e-01	5.902955e-01	3.513992e-01	5.681445e-01	4.808258e-01	5.615855e-01	3.240940e-01	2.860080e-01	4.612656e-01	4.852798e-01	5.182376e-01	4.828460e-01	4.150234e-01	4.345248e-01	4.134386e-01	5.537820e-01	6.174355e-01	3.434538e-01	4.831265e-01	5.889070e-01	4.611950e-01	5.189366e-01	6.174349e-01	5.418176e-01	5.010035e-01	4.307176e-01	5.081306e-01	4.918404e-01	4.503703e-01	5.555867e-01	7.387094e-01	6.151379e-01	6.975948e-01	4.142289e-01	5.053303e-01	5.102475e-01	4.393958e-01	7.839501e-01	4.391291e-01	4.575973e-01	4.421423e-01	6.683745e-01	4.781097e-01	4.801920e-01	5.234866e-01	4.349571e-01	5.181161e-01	5.624087e-01	6.394195e-01	5.183042e-01	5.365658e-01	6.154310e-01	6.526225e-01	3.994082e-01	7.010489e-01	4.661833e-01	3.429295e-01	4.314727e-01	4.591198e-01	3.639736e-01	5.105421e-01	7.581542e-01	7.302723e-01	6.271909e-01	5.251848e-01	4.406174e-01	5.098183e-01	4.868763e-01	2.604231e-01	5.444640e-01	6.208601e-01	6.353811e-01	4.562549e-01	5.471585e-01	4.465161e-01	5.299260e-01	5.099014e-01	5.699357e-01	5.807018e-01	4.483612e-01	3.202010e-01	3.344144e-01	4.485280e-01	5.842970e-01	5.356426e-01	4.850432e-01	3.842213e-01	3.698497e-01	4.395642e-01	5.022582e-01	5.562806e-01	4.266737e-01	4.594915e-01	4.176897e-01	5.523663e-01	4.050835e-01	4.943854e-01	4.663318e-01	5.031168e-01	4.680672e-01	5.086788e-01	7.661244e-01	4.875385e-02	1.907807e-01	5.349762e-01	5.567733e-01	2.087633e-01	8.091907e-02	2.614130e-01	3.998577e-01	2.483784e-01	1.921437e-01	2.091157e-01	1.528373e-01	2.120320e-01	
2.326813e-01	2.120635e-01	2.696304e-01	3.391867e-01	2.474995e-01	2.087681e-01	2.371711e-01	3.020338e-01	2.500948e-01	1.821768e-01	2.770747e-01	1.977294e-01	2.156648e-01	1.841874e-01	2.333624e-01	2.438430e-01	1.745331e-01	2.252672e-01	2.592287e-01	2.197982e-01	2.086723e-01	2.594506e-01	1.906089e-01	2.353882e-01	2.350769e-01	2.157979e-01	1.974327e-01	1.758558e-01	2.260260e-01	2.298459e-01	2.265113e-01	2.320833e-01	2.077169e-01	2.186662e-01	1.924353e-01	2.425099e-01	2.509667e-01	1.815994e-01	2.047882e-01	2.386878e-01	1.975202e-01	2.068709e-01	2.530295e-01	2.439571e-01	2.233672e-01	1.935125e-01	2.355370e-01	2.455344e-01	2.126771e-01	2.500164e-01	2.943081e-01	2.401441e-01	3.048779e-01	1.998796e-01	2.468130e-01	2.323413e-01	1.871766e-01	3.300032e-01	2.145234e-01	2.179635e-01	2.272506e-01	2.665130e-01	2.408371e-01	2.103022e-01	2.432953e-01	1.903122e-01	2.245849e-01	2.274047e-01	2.803808e-01	2.275944e-01	2.440435e-01	2.578507e-01	2.702975e-01	2.007278e-01	2.813953e-01	2.152478e-01	1.747655e-01	2.189956e-01	2.047880e-01	2.049774e-01	2.510082e-01	3.046010e-01	3.081338e-01	2.913179e-01	2.533833e-01	2.100219e-01	2.377302e-01	2.267621e-01	1.737160e-01	2.547822e-01	2.893345e-01	2.820771e-01	2.194573e-01	2.129125e-01	2.097242e-01	2.347140e-01	2.305010e-01	2.402260e-01	2.507795e-01	2.252353e-01	1.482053e-01	1.526498e-01	2.093448e-01	2.295149e-01	1.969204e-01	2.238475e-01	1.916461e-01	1.803565e-01	1.866413e-01	2.130947e-01	2.584028e-01	2.093662e-01	2.041776e-01	2.079633e-01	1.921136e-01	1.833468e-01	2.338671e-01	2.329091e-01	2.336977e-01	2.206272e-01	2.239280e-01	3.236499e-01	5.046251e-02	1.068057e-01	2.311870e-01	2.531660e-01	1.174099e-01	4.988285e-02	1.322699e-01	1.710544e-01	1.291768e-01	1.147124e-01	1.150098e-01	8.738589e-02	1.184605e-01	
3.977296e-01	3.271581e-01	5.325484e-01	2.474995e-01	7.591032e-01	5.026501e-01	5.773709e-01	6.171990e-01	4.640389e-01	3.194719e-01	5.757147e-01	3.588447e-01	4.178201e-01	3.890491e-01	5.015536e-01	4.134267e-01	2.713768e-01	4.657964e-01	5.593744e-01	3.969275e-01	4.391600e-01	5.300180e-01	2.922265e-01	4.510722e-01	3.735963e-01	4.684811e-01	2.920703e-01	2.361263e-01	4.816275e-01	4.175906e-01	4.077803e-01	3.963435e-01	3.084311e-01	3.583316e-01	3.738797e-01	5.029750e-01	5.533352e-01	2.432516e-01	4.057409e-01	5.036414e-01	3.764903e-01	4.626336e-01	5.440531e-01	5.493643e-01	4.588478e-01	4.245217e-01	5.346850e-01	5.128068e-01	3.844953e-01	4.736603e-01	6.256375e-01	5.028933e-01	6.449106e-01	4.199133e-01	4.568469e-01	4.865930e-01	3.760693e-01	6.740540e-01	3.357120e-01	4.315679e-01	3.706261e-01	5.762773e-01	4.537460e-01	4.296729e-01	4.134273e-01	4.037855e-01	4.556850e-01	4.804476e-01	5.897404e-01	4.758662e-01	4.713355e-01	4.850809e-01	5.582862e-01	3.698487e-01	5.980215e-01	4.107217e-01	2.936868e-01	4.291422e-01	4.231667e-01	3.172603e-01	4.701593e-01	6.638459e-01	6.529788e-01	5.519846e-01	5.250881e-01	3.837767e-01	4.413026e-01	3.742267e-01	2.145753e-01	5.528840e-01	6.565106e-01	6.810103e-01	3.509120e-01	4.609181e-01	4.104804e-01	5.787634e-01	4.848076e-01	4.908109e-01	4.836471e-01	3.483071e-01	2.636643e-01	3.343534e-01	4.283860e-01	4.903181e-01	4.579215e-01	4.022569e-01	3.212889e-01	3.518989e-01	3.720431e-01	4.435881e-01	5.895738e-01	4.196803e-01	5.174643e-01	3.551168e-01	4.184061e-01	3.454804e-01	4.294169e-01	4.421663e-01	4.517589e-01	3.748056e-01	4.529565e-01	6.667752e-01	6.577975e-02	1.258061e-01	5.133908e-01	5.925964e-01	1.551602e-01	1.261665e-01	2.148336e-01	3.263891e-01	1.911283e-01	1.637114e-01	1.875807e-01	1.367196e-01	1.735272e-01	
3.685280e-01	2.851543e-01	4.706593e-01	2.087681e-01	5.026501e-01	6.240082e-01	4.937517e-01	5.599378e-01	3.765743e-01	2.615323e-01	5.439181e-01	2.787900e-01	3.470127e-01	3.057132e-01	4.474888e-01	3.465330e-01	2.560012e-01	3.616894e-01	5.178570e-01	3.523679e-01	3.480467e-01	4.742414e-01	2.602843e-01	4.046491e-01	3.257284e-01	4.110757e-01	2.516420e-01	2.277110e-01	3.835334e-01	3.325273e-01	3.608297e-01	3.266781e-01	2.891844e-01	3.093584e-01	3.142442e-01	4.463309e-01	5.146080e-01	2.153345e-01	3.371721e-01	4.452795e-01	3.087973e-01	4.038767e-01	4.834442e-01	4.493544e-01	3.539225e-01	3.581975e-01	4.663197e-01	4.415034e-01	3.163931e-01	3.949577e-01	5.626858e-01	4.728308e-01	5.861275e-01	3.447528e-01	3.749993e-01	3.846179e-01	3.022452e-01	6.240479e-01	3.008736e-01	3.445853e-01	3.118696e-01	5.274956e-01	3.550094e-01	3.463875e-01	3.387634e-01	3.214491e-01	3.995598e-01	3.998815e-01	5.350651e-01	3.911544e-01	3.858293e-01	4.291979e-01	5.195611e-01	3.468861e-01	5.403208e-01	3.191437e-01	2.765918e-01	3.361570e-01	3.398399e-01	2.891969e-01	3.820650e-01	6.087834e-01	6.108765e-01	4.522321e-01	4.486584e-01	3.200254e-01	3.712485e-01	3.323293e-01	2.025039e-01	4.664945e-01	5.738591e-01	5.858843e-01	3.063060e-01	4.017160e-01	3.340088e-01	5.000195e-01	4.059214e-01	4.338476e-01	4.324358e-01	2.971514e-01	2.244724e-01	2.617683e-01	3.360070e-01	4.492010e-01	4.045652e-01	3.387814e-01	2.586029e-01	2.805524e-01	3.108825e-01	3.597987e-01	5.125780e-01	3.441215e-01	4.617040e-01	3.057093e-01	3.857959e-01	2.685172e-01	3.318899e-01	3.625050e-01	3.523796e-01	3.086950e-01	3.584068e-01	6.190838e-01	5.930091e-02	1.058251e-01	4.546470e-01	5.244885e-01	1.340699e-01	1.097709e-01	1.911652e-01	3.036271e-01	1.713670e-01	1.374767e-01	1.584364e-01	1.068187e-01	1.471154e-01	
3.910747e-01	3.249981e-01	5.228195e-01	2.371711e-01	5.773709e-01	4.937517e-01	7.581554e-01	6.164852e-01	4.524365e-01	3.128306e-01	5.867331e-01	3.551283e-01	4.062881e-01	3.848235e-01	4.818504e-01	4.064137e-01	2.766898e-01	4.521431e-01	5.661050e-01	3.747240e-01	4.380178e-01	5.311723e-01	2.872655e-01	4.426243e-01	3.672854e-01	4.409845e-01	2.983782e-01	2.439537e-01	4.820567e-01	4.082929e-01	4.026964e-01	3.841375e-01	3.118530e-01	3.686076e-01	3.600590e-01	4.945529e-01	5.471742e-01	2.389273e-01	3.838561e-01	4.855814e-01	3.665613e-01	4.395264e-01	5.366323e-01	5.381821e-01	4.490127e-01	4.235684e-01	5.386960e-01	5.161625e-01	3.833867e-01	4.656414e-01	6.127729e-01	5.158563e-01	6.363890e-01	4.116113e-01	4.315932e-01	4.929812e-01	3.694458e-01	6.811290e-01	3.499218e-01	4.198443e-01	3.740871e-01	5.703560e-01	4.301295e-01	4.197286e-01	4.039265e-01	3.959736e-01	4.684744e-01	4.554557e-01	5.709297e-01	4.645427e-01	4.711388e-01	4.669482e-01	5.693125e-01	3.743740e-01	5.772780e-01	3.845052e-01	2.944100e-01	4.150167e-01	4.102706e-01	3.027075e-01	4.580311e-01	6.521871e-01	6.603030e-01	5.591046e-01	5.411121e-01	3.816103e-01	4.311253e-01	3.519136e-01	2.266300e-01	5.384110e-01	6.389258e-01	6.684723e-01	3.353577e-01	4.520971e-01	4.139651e-01	5.920488e-01	4.932925e-01	4.615835e-01	4.662643e-01	3.444118e-01	2.463132e-01	3.397074e-01	4.315566e-01	4.669193e-01	4.287464e-01	3.910202e-01	3.103405e-01	3.336870e-01	3.529611e-01	4.327821e-01	5.954292e-01	4.199627e-01	5.191614e-01	3.364044e-01	4.108268e-01	3.460984e-01	4.079184e-01	4.375903e-01	4.336751e-01	3.694986e-01	4.287548e-01	6.676281e-01	6.690289e-02	1.204755e-01	5.119256e-01	6.018951e-01	1.365005e-01	1.268604e-01	2.026099e-01	3.231180e-01	1.873334e-01	1.515472e-01	1.877192e-01	1.329068e-01	1.470094e-01	
5.261564e-01	4.374454e-01	6.730621e-01	3.020338e-01	6.171990e-01	5.599378e-01	6.164852e-01	9.873682e-01	5.278466e-01	3.722479e-01	7.750410e-01	3.673787e-01	4.794488e-01	3.822233e-01	6.235121e-01	5.243462e-01	3.920380e-01	4.404985e-01	7.408521e-01	5.347568e-01	4.400452e-01	6.931016e-01	3.929662e-01	5.758354e-01	4.920192e-01	5.941965e-01	3.760048e-01	3.537502e-01	4.833306e-01	4.814344e-01	5.227432e-01	4.941864e-01	4.401623e-01	4.216627e-01	4.358524e-01	6.085943e-01	7.333444e-01	3.522887e-01	4.745330e-01	6.443213e-01	4.606523e-01	5.671837e-01	6.923537e-01	5.801732e-01	4.708238e-01	4.654863e-01	5.794975e-01	5.656613e-01	4.261481e-01	5.382373e-01	7.726670e-01	6.608186e-01	8.543147e-01	4.439469e-01	4.794342e-01	5.163608e-01	4.353893e-01	8.955133e-01	4.502027e-01	4.367747e-01	4.531429e-01	7.426605e-01	4.836601e-01	4.446822e-01	5.094005e-01	4.195775e-01	5.443478e-01	5.832644e-01	7.591778e-01	5.170154e-01	5.228433e-01	6.480637e-01	7.518877e-01	4.764990e-01	7.920805e-01	4.228024e-01	3.969493e-01	4.108634e-01	4.354805e-01	4.395260e-01	5.181709e-01	9.070206e-01	8.690917e-01	6.321986e-01	5.749701e-01	4.368609e-01	5.034973e-01	4.908318e-01	3.271737e-01	6.166167e-01	7.201859e-01	7.390071e-01	4.830005e-01	5.724405e-01	4.297919e-01	6.127709e-01	5.216691e-01	6.301202e-01	6.259177e-01	4.575482e-01	3.247277e-01	3.404444e-01	4.213103e-01	6.238678e-01	5.632459e-01	4.778723e-01	3.616742e-01	3.588973e-01	4.480197e-01	5.004008e-01	6.539796e-01	4.391871e-01	5.519573e-01	4.583135e-01	5.667613e-01	3.976163e-01	4.953146e-01	4.696658e-01	5.061891e-01	4.763627e-01	5.019816e-01	9.045525e-01	6.838339e-02	1.784149e-01	6.063278e-01	6.609606e-01	2.123564e-01	1.177469e-01	2.769884e-01	4.297422e-01	2.525139e-01	2.060086e-01	2.359199e-01	1.539154e-01	2.127739e-01	
3.957486e-01	3.592675e-01	5.339077e-01	2.500948e-01	4.640389e-01	3.765743e-01	4.524365e-01	5.278466e-01	7.738696e-01	3.753756e-01	4.504740e-01	4.516255e-01	5.208588e-01	4.734963e-01	4.725503e-01	5.133107e-01	2.836875e-01	5.870111e-01	4.788828e-01	4.416882e-01	4.909892e-01	4.475125e-01	2.897054e-01	5.233643e-01	4.571606e-01	4.808574e-01	2.925685e-01	2.248160e-01	5.157375e-01	5.222910e-01	4.584243e-01	4.736138e-01	3.386517e-01	4.729315e-01	4.294144e-01	4.589411e-01	4.432695e-01	3.007465e-01	4.826130e-01	5.032106e-01	4.510083e-01	4.210147e-01	5.289744e-01	5.667607e-01	5.645972e-01	4.056163e-01	4.879254e-01	4.617799e-01	4.909826e-01	5.687357e-01	6.342620e-01	5.123230e-01	5.286554e-01	4.450903e-01	5.609155e-01	5.691684e-01	4.633018e-01	5.648519e-01	4.085659e-01	4.959006e-01	4.148491e-01	5.156440e-01	5.581853e-01	5.381750e-01	5.273952e-01	4.625331e-01	4.815401e-01	4.929601e-01	5.021576e-01	5.257370e-01	5.902458e-01	5.148031e-01	4.915024e-01	3.460599e-01	5.499548e-01	5.484259e-01	2.783383e-01	5.397235e-01	5.026278e-01	3.011380e-01	5.606311e-01	5.525104e-01	5.502347e-01	6.581265e-01	4.834475e-01	4.820204e-01	5.448176e-01	4.520565e-01	1.948013e-01	4.658989e-01	5.087661e-01	5.436091e-01	4.273148e-01	4.481809e-01	4.871166e-01	4.717520e-01	5.823340e-01	4.367744e-01	4.858662e-01	4.073658e-01	2.859748e-01	3.641906e-01	5.089439e-01	4.697792e-01	4.844989e-01	5.047471e-01	4.386187e-01	4.300953e-01	4.232369e-01	5.509685e-01	4.696792e-01	4.591885e-01	3.776599e-01	3.704820e-01	4.478549e-01	4.606623e-01	5.258171e-01	4.833671e-01	5.131321e-01	4.737601e-01	5.330216e-01	5.541873e-01	5.673089e-02	1.801099e-01	4.705734e-01	4.723923e-01	1.758948e-01	6.279680e-02	2.472726e-01	3.274192e-01	2.115533e-01	1.737172e-01	1.906848e-01	1.384669e-01	1.942648e-01	
2.828788e-01	2.548260e-01	3.570614e-01	1.821768e-01	3.194719e-01	2.615323e-01	3.128306e-01	3.722479e-01	3.753756e-01	4.295090e-01	3.354467e-01	2.594522e-01	3.095304e-01	2.789861e-01	3.154605e-01	3.111723e-01	2.146258e-01	3.491773e-01	3.345589e-01	2.932930e-01	2.988860e-01	3.140889e-01	2.240956e-01	3.129552e-01	2.929513e-01	2.802451e-01	2.333565e-01	1.868967e-01	3.142118e-01	3.031021e-01	2.977550e-01	3.002764e-01	2.380449e-01	2.922981e-01	2.431365e-01	3.076163e-01	3.176438e-01	2.118892e-01	2.892006e-01	3.031173e-01	2.714775e-01	2.690482e-01	3.400983e-01	3.660409e-01	3.348146e-01	2.640658e-01	3.189784e-01	3.283835e-01	3.099304e-01	3.469872e-01	3.840127e-01	3.182545e-01	3.862807e-01	2.877029e-01	3.382025e-01	3.345599e-01	2.693446e-01	4.111240e-01	2.696532e-01	2.975959e-01	2.709769e-01	3.459534e-01	3.307228e-01	3.027665e-01	3.360430e-01	2.768196e-01	2.907703e-01	3.052125e-01	3.556165e-01	3.195852e-01	3.625954e-01	3.288797e-01	3.310023e-01	2.410872e-01	3.569533e-01	3.215499e-01	2.120167e-01	3.071373e-01	3.091370e-01	2.410245e-01	3.354293e-01	3.752850e-01	3.902523e-01	4.112045e-01	3.331116e-01	3.035812e-01	3.154644e-01	2.899140e-01	1.901394e-01	3.313237e-01	3.659660e-01	3.760579e-01	2.976200e-01	2.900025e-01	2.903195e-01	3.308378e-01	3.442892e-01	2.910760e-01	2.895648e-01	2.774506e-01	2.009665e-01	2.228639e-01	3.110332e-01	3.178073e-01	2.994522e-01	3.061071e-01	2.500081e-01	2.586204e-01	2.541819e-01	3.135394e-01	3.246200e-01	3.013479e-01	2.666041e-01	2.613056e-01	2.691985e-01	2.715809e-01	3.138116e-01	3.140634e-01	3.344236e-01	3.083055e-01	3.215513e-01	3.899415e-01	4.566832e-02	1.010581e-01	3.054284e-01	3.350712e-01	1.291124e-01	3.756160e-02	1.466037e-01	2.121723e-01	1.450784e-01	1.156315e-01	1.317832e-01	1.113388e-01	1.278897e-01	
4.909223e-01	3.954902e-01	6.291307e-01	2.770747e-01	5.757147e-01	5.439181e-01	5.867331e-01	7.750410e-01	4.504740e-01	3.354467e-01	9.323849e-01	3.253865e-01	4.158785e-01	3.239784e-01	5.960898e-01	4.448334e-01	3.452848e-01	3.831958e-01	7.087894e-01	4.828942e-01	3.921732e-01	6.514240e-01	3.443648e-01	5.287923e-01	4.330730e-01	5.570039e-01	3.086813e-01	3.009098e-01	4.285827e-01	4.208467e-01	4.863768e-01	4.275166e-01	3.986663e-01	3.797197e-01	3.844779e-01	5.983716e-01	6.936808e-01	3.183869e-01	4.185438e-01	6.068809e-01	3.916218e-01	5.679720e-01	6.640764e-01	5.146785e-01	3.929554e-01	4.373843e-01	5.334630e-01	5.188058e-01	3.732306e-01	4.763543e-01	7.359339e-01	6.278393e-01	8.187616e-01	4.013772e-01	4.309787e-01	4.512597e-01	3.848559e-01	8.682088e-01	4.137718e-01	3.895243e-01	4.114723e-01	7.091130e-01	3.946432e-01	3.934388e-01	4.371328e-01	3.800808e-01	4.916438e-01	5.434844e-01	7.189821e-01	4.496373e-01	4.542917e-01	5.997469e-01	7.103642e-01	4.590069e-01	7.454269e-01	3.637453e-01	3.700098e-01	3.413936e-01	3.830822e-01	4.036539e-01	4.658427e-01	8.598619e-01	8.483783e-01	5.548807e-01	5.347092e-01	3.853182e-01	4.226531e-01	4.256036e-01	2.838706e-01	5.858553e-01	6.797865e-01	7.086873e-01	4.240082e-01	5.547633e-01	3.755448e-01	5.775479e-01	4.575224e-01	6.103647e-01	5.976551e-01	4.067397e-01	2.856029e-01	2.967053e-01	3.581000e-01	6.273117e-01	5.302197e-01	4.150626e-01	2.952127e-01	3.201682e-01	3.962688e-01	4.342468e-01	6.188957e-01	3.861292e-01	5.296134e-01	4.005718e-01	5.424535e-01	3.472097e-01	4.162426e-01	4.098638e-01	4.568076e-01	4.068603e-01	4.422555e-01	8.534154e-01	5.680057e-02	1.491539e-01	5.778939e-01	6.284429e-01	1.806099e-01	9.584207e-02	2.239474e-01	4.009265e-01	2.169689e-01	1.629518e-01	2.087439e-01	1.229876e-01	1.772044e-01	
2.691158e-01	2.554772e-01	3.745560e-01	1.977294e-01	3.588447e-01	2.787900e-01	3.551283e-01	3.673787e-01	4.516255e-01	2.594522e-01	3.253865e-01	5.444292e-01	3.891997e-01	3.713720e-01	3.486264e-01	3.749027e-01	1.950600e-01	4.571888e-01	3.298514e-01	3.028327e-01	3.982834e-01	3.125602e-01	2.099170e-01	3.733134e-01	3.070716e-01	3.488235e-01	2.122080e-01	1.520812e-01	4.061816e-01	3.974072e-01	3.354617e-01	3.353425e-01	2.146126e-01	3.585011e-01	3.227493e-01	3.370904e-01	3.145167e-01	1.957735e-01	3.514856e-01	3.580509e-01	3.339413e-01	2.931238e-01	3.854270e-01	4.365559e-01	4.480667e-01	3.111522e-01	3.915324e-01	3.527124e-01	3.790436e-01	4.244557e-01	4.475346e-01	3.717591e-01	3.744520e-01	3.688798e-01	4.357819e-01	4.451789e-01	3.459326e-01	4.043664e-01	2.758126e-01	3.950842e-01	3.072854e-01	3.837049e-01	4.396207e-01	4.322400e-01	3.844128e-01	3.671876e-01	3.689575e-01	3.734171e-01	3.504086e-01	4.042365e-01	4.446982e-01	3.656228e-01	3.567766e-01	2.604475e-01	3.890375e-01	4.331668e-01	1.923856e-01	4.366329e-01	3.989219e-01	2.061478e-01	4.288761e-01	3.812902e-01	3.939029e-01	4.857341e-01	3.736546e-01	3.584256e-01	4.007059e-01	3.229385e-01	1.506499e-01	3.567719e-01	3.939973e-01	4.301030e-01	2.853547e-01	3.239834e-01	3.922996e-01	3.855653e-01	4.388232e-01	3.040877e-01	3.467356e-01	2.814547e-01	2.160396e-01	3.085803e-01	4.100676e-01	3.316100e-01	3.470452e-01	3.655491e-01	3.370483e-01	3.185099e-01	3.039918e-01	3.982926e-01	3.697763e-01	3.707147e-01	2.954552e-01	2.799526e-01	3.058519e-01	3.373269e-01	3.815235e-01	3.790599e-01	3.733697e-01	3.283097e-01	3.865125e-01	3.811229e-01	3.761047e-02	1.364597e-01	3.542023e-01	3.545184e-01	1.298765e-01	6.328993e-02	1.792557e-01	2.209828e-01	1.460558e-01	1.294415e-01	1.386241e-01	1.156884e-01	1.386845e-01	
3.529063e-01	3.129321e-01	4.936790e-01	2.156648e-01	4.178201e-01	3.470127e-01	4.062881e-01	4.794488e-01	5.208588e-01	3.095304e-01	4.158785e-01	3.891997e-01	6.684636e-01	4.121391e-01	4.521794e-01	4.583454e-01	2.639590e-01	4.996612e-01	4.464095e-01	4.081914e-01	4.265708e-01	4.188664e-01	2.711000e-01	4.828219e-01	4.023868e-01	4.595431e-01	2.551426e-01	1.902772e-01	4.551663e-01	4.749982e-01	4.241296e-01	4.270826e-01	2.963130e-01	4.135903e-01	3.891292e-01	4.088007e-01	4.060805e-01	2.719815e-01	4.456506e-01	4.600400e-01	4.144579e-01	3.969368e-01	4.816314e-01	5.134013e-01	4.945450e-01	3.573331e-01	4.359219e-01	4.013443e-01	4.332954e-01	5.161788e-01	6.004370e-01	4.777342e-01	4.737907e-01	4.133414e-01	4.918376e-01	4.982510e-01	4.234695e-01	5.414277e-01	3.792879e-01	4.441284e-01	3.708011e-01	4.813585e-01	4.825672e-01	4.829541e-01	4.698013e-01	4.242769e-01	4.430257e-01	4.658865e-01	4.563029e-01	4.887828e-01	5.213446e-01	4.947457e-01	4.556560e-01	3.005607e-01	5.155057e-01	4.977899e-01	2.409083e-01	4.645776e-01	4.453761e-01	2.521232e-01	4.814879e-01	5.220896e-01	5.038369e-01	5.784394e-01	4.346287e-01	4.216984e-01	4.689323e-01	3.944502e-01	1.662987e-01	4.268178e-01	4.758595e-01	4.943841e-01	3.753354e-01	4.157102e-01	4.248589e-01	4.436855e-01	5.124984e-01	4.183262e-01	4.443012e-01	3.753878e-01	2.567668e-01	3.481862e-01	4.468161e-01	4.402439e-01	4.519390e-01	4.712674e-01	3.855968e-01	3.597058e-01	3.903413e-01	4.877822e-01	4.221688e-01	3.965353e-01	3.447100e-01	3.514679e-01	4.202381e-01	4.093492e-01	4.809208e-01	4.414620e-01	4.735216e-01	4.144303e-01	4.709259e-01	5.070027e-01	4.442439e-02	1.590197e-01	4.328832e-01	4.072240e-01	1.487006e-01	5.819643e-02	2.180599e-01	2.907851e-01	1.956405e-01	1.514245e-01	1.442082e-01	1.145141e-01	1.667877e-01	
2.682707e-01	2.512369e-01	3.983468e-01	1.841874e-01	3.890491e-01	3.057132e-01	3.848235e-01	3.822233e-01	4.734963e-01	2.789861e-01	3.239784e-01	3.713720e-01	4.121391e-01	5.981409e-01	3.769424e-01	3.812734e-01	1.878257e-01	5.057522e-01	3.605344e-01	3.189971e-01	4.328820e-01	3.348732e-01	2.000997e-01	3.882504e-01	3.221227e-01	3.704700e-01	2.051017e-01	1.544951e-01	4.460554e-01	4.160007e-01	3.422053e-01	3.412194e-01	2.355227e-01	3.650862e-01	3.427910e-01	3.562535e-01	3.210774e-01	2.029377e-01	3.726813e-01	3.636081e-01	3.457199e-01	3.141107e-01	3.880396e-01	4.759560e-01	4.878594e-01	3.339210e-01	3.949241e-01	3.828826e-01	3.882481e-01	4.540985e-01	4.940599e-01	3.865161e-01	3.966740e-01	3.786760e-01	4.687547e-01	4.662863e-01	3.714665e-01	4.242221e-01	2.980429e-01	4.272066e-01	3.185376e-01	3.865935e-01	4.541848e-01	4.520299e-01	3.979392e-01	4.108453e-01	3.730410e-01	3.801331e-01	3.579199e-01	4.365887e-01	4.665270e-01	3.783510e-01	3.706145e-01	2.679175e-01	4.010187e-01	4.632405e-01	1.837435e-01	4.526645e-01	4.286541e-01	1.899811e-01	4.431015e-01	3.872757e-01	3.997300e-01	5.393177e-01	4.026516e-01	3.795763e-01	4.397540e-01	3.049073e-01	1.155197e-01	3.937592e-01	4.300068e-01	4.610642e-01	2.959639e-01	3.320764e-01	4.198232e-01	4.007204e-01	4.785486e-01	3.121540e-01	3.493296e-01	2.844165e-01	2.341339e-01	3.187197e-01	4.366560e-01	3.364778e-01	3.814766e-01	3.874510e-01	3.404755e-01	3.583946e-01	3.306698e-01	4.451344e-01	3.904320e-01	3.958662e-01	3.278868e-01	2.770669e-01	3.337520e-01	3.526839e-01	4.073320e-01	4.052844e-01	4.112727e-01	3.378123e-01	4.332619e-01	3.828542e-01	4.340932e-02	1.554329e-01	3.692967e-01	3.774293e-01	1.351071e-01	6.996238e-02	1.943784e-01	2.448384e-01	1.563697e-01	1.563664e-01	1.576761e-01	1.272839e-01	1.783137e-01	
4.392413e-01	3.473992e-01	5.808550e-01	2.333624e-01	5.015536e-01	4.474888e-01	4.818504e-01	6.235121e-01	4.725503e-01	3.154605e-01	5.960898e-01	3.486264e-01	4.521794e-01	3.769424e-01	7.537914e-01	4.505032e-01	3.025538e-01	4.462694e-01	5.879394e-01	4.601765e-01	4.094340e-01	5.422867e-01	2.960865e-01	5.209322e-01	4.072329e-01	5.370917e-01	2.649741e-01	2.305306e-01	4.433277e-01	4.521535e-01	4.812032e-01	4.138062e-01	3.488470e-01	3.815627e-01	3.938551e-01	5.169526e-01	5.779687e-01	3.007282e-01	4.298160e-01	5.809974e-01	4.197711e-01	5.176177e-01	5.899124e-01	5.087125e-01	4.517591e-01	4.031709e-01	4.807144e-01	4.676302e-01	3.975272e-01	4.811217e-01	6.946666e-01	5.900611e-01	6.579225e-01	3.954361e-01	4.645591e-01	4.852684e-01	4.148439e-01	7.184461e-01	3.760439e-01	4.172882e-01	3.886118e-01	6.206283e-01	4.396656e-01	4.416429e-01	4.600561e-01	4.091781e-01	4.922703e-01	5.382373e-01	5.880276e-01	4.674672e-01	4.733929e-01	5.912918e-01	6.130774e-01	3.812479e-01	6.704233e-01	4.239449e-01	3.022784e-01	4.077391e-01	4.232106e-01	3.320165e-01	4.785198e-01	7.002808e-01	6.890619e-01	5.789089e-01	4.953511e-01	4.140484e-01	4.794117e-01	4.144686e-01	2.174820e-01	5.130501e-01	5.865116e-01	6.082785e-01	3.978625e-01	5.005649e-01	3.999826e-01	4.954489e-01	4.814051e-01	5.508521e-01	5.565350e-01	3.696023e-01	2.788666e-01	2.965809e-01	4.026487e-01	5.582115e-01	5.089870e-01	4.483131e-01	3.626001e-01	3.249143e-01	4.177971e-01	4.621202e-01	5.190382e-01	3.971586e-01	4.360145e-01	3.814518e-01	5.098937e-01	3.607450e-01	4.350304e-01	4.196497e-01	4.661025e-01	4.197383e-01	4.710335e-01	7.083375e-01	3.921227e-02	1.718558e-01	5.255544e-01	5.159517e-01	1.851649e-01	7.759914e-02	2.392167e-01	3.652460e-01	2.216278e-01	1.788092e-01	1.731107e-01	1.384867e-01	2.025612e-01	
3.943200e-01	3.670389e-01	5.047830e-01	2.438430e-01	4.134267e-01	3.465330e-01	4.064137e-01	5.243462e-01	5.133107e-01	3.111723e-01	4.448334e-01	3.749027e-01	4.583454e-01	3.812734e-01	4.505032e-01	6.675374e-01	3.109532e-01	4.716819e-01	4.747839e-01	4.455601e-01	4.088167e-01	4.422147e-01	3.002821e-01	4.827139e-01	4.279338e-01	4.447405e-01	3.002608e-01	2.640273e-01	4.140963e-01	4.531222e-01	4.198884e-01	4.419866e-01	3.524680e-01	4.173393e-01	3.908685e-01	4.128269e-01	4.446346e-01	3.232485e-01	4.226053e-01	4.736378e-01	4.109506e-01	3.847270e-01	4.828815e-01	4.912447e-01	4.783567e-01	3.420977e-01	4.247679e-01	4.104278e-01	4.333345e-01	5.014673e-01	5.790432e-01	4.755645e-01	5.244160e-01	3.861100e-01	4.714863e-01	4.586183e-01	4.059151e-01	5.691981e-01	3.993334e-01	4.247922e-01	3.893181e-01	5.028795e-01	4.697385e-01	4.544300e-01	5.020385e-01	3.998257e-01	4.474718e-01	4.580073e-01	4.962722e-01	4.520716e-01	4.979994e-01	4.958853e-01	4.908347e-01	3.138643e-01	5.237510e-01	4.640079e-01	2.957583e-01	4.338411e-01	4.232914e-01	3.119668e-01	4.676679e-01	5.641508e-01	5.402283e-01	5.669974e-01	4.443517e-01	4.164030e-01	4.706894e-01	4.423779e-01	2.370997e-01	4.341401e-01	4.639249e-01	4.894370e-01	4.146950e-01	4.381962e-01	4.160436e-01	4.072582e-01	4.645245e-01	4.224505e-01	4.530330e-01	4.190051e-01	2.795767e-01	3.203045e-01	4.262700e-01	4.396851e-01	4.378256e-01	4.520598e-01	3.597240e-01	3.495148e-01	3.825596e-01	4.628433e-01	4.278483e-01	3.843448e-01	3.357525e-01	3.727137e-01	4.200810e-01	4.001917e-01	4.713179e-01	4.170513e-01	4.634884e-01	4.389652e-01	4.565153e-01	5.741778e-01	4.098767e-02	1.592673e-01	4.273275e-01	4.220097e-01	1.696273e-01	4.511920e-02	2.206557e-01	3.123742e-01	2.146860e-01	1.727246e-01	1.707310e-01	1.243719e-01	1.728288e-01	
2.822399e-01	2.682743e-01	3.448462e-01	1.745331e-01	2.713768e-01	2.560012e-01	2.766898e-01	3.920380e-01	2.836875e-01	2.146258e-01	3.452848e-01	1.950600e-01	2.639590e-01	1.878257e-01	3.025538e-01	3.109532e-01	4.220996e-01	2.401966e-01	3.414966e-01	2.864549e-01	2.184800e-01	3.198815e-01	2.417525e-01	2.908734e-01	2.938711e-01	2.675712e-01	2.452145e-01	2.247221e-01	2.240381e-01	2.651197e-01	2.851253e-01	2.866637e-01	2.738472e-01	2.416236e-01	2.215120e-01	2.783626e-01	3.316879e-01	2.384059e-01	2.490165e-01	3.073757e-01	2.436485e-01	2.663299e-01	3.245288e-01	2.847770e-01	2.413117e-01	2.226023e-01	2.788467e-01	2.826439e-01	2.651862e-01	3.012156e-01	3.664477e-01	3.151412e-01	3.979395e-01	2.262754e-01	2.706230e-01	2.641091e-01	2.270890e-01	4.197974e-01	2.796311e-01	2.417818e-01	2.663084e-01	3.440249e-01	2.579535e-01	2.428081e-01	3.056623e-01	2.110467e-01	2.735793e-01	2.707429e-01	3.554159e-01	2.614006e-01	2.912150e-01	3.093028e-01	3.611023e-01	2.309177e-01	3.625328e-01	2.297450e-01	2.432323e-01	2.211147e-01	2.247601e-01	2.718608e-01	2.694744e-01	4.238410e-01	4.042621e-01	3.384257e-01	2.985551e-01	2.418174e-01	2.789462e-01	2.988219e-01	2.157821e-01	2.803879e-01	3.445571e-01	3.367033e-01	3.026199e-01	2.815184e-01	2.288140e-01	2.634962e-01	2.552953e-01	2.867046e-01	2.865229e-01	2.914740e-01	1.684991e-01	1.712106e-01	2.279849e-01	3.108051e-01	2.722410e-01	2.745656e-01	2.063110e-01	1.907931e-01	2.346339e-01	2.606732e-01	3.013067e-01	2.151597e-01	2.331685e-01	2.653054e-01	2.792352e-01	2.319376e-01	2.815817e-01	2.554378e-01	2.774952e-01	2.995275e-01	2.603228e-01	4.192345e-01	3.987810e-02	8.881912e-02	2.751218e-01	3.141336e-01	1.266031e-01	3.283658e-02	1.267811e-01	2.295952e-01	1.587256e-01	1.153776e-01	1.267828e-01	8.684924e-02	1.263778e-01	
3.370179e-01	3.040730e-01	4.790360e-01	2.252672e-01	4.657964e-01	3.616894e-01	4.521431e-01	4.404985e-01	5.870111e-01	3.491773e-01	3.831958e-01	4.571888e-01	4.996612e-01	5.057522e-01	4.462694e-01	4.716819e-01	2.401966e-01	7.774512e-01	4.150856e-01	3.965630e-01	5.045006e-01	3.811017e-01	2.575772e-01	4.714907e-01	3.905996e-01	4.312521e-01	2.679387e-01	1.909476e-01	5.321567e-01	5.020360e-01	4.317728e-01	4.205967e-01	2.784732e-01	4.446532e-01	4.073829e-01	4.099979e-01	3.780126e-01	2.581700e-01	4.619876e-01	4.368524e-01	4.369151e-01	3.713239e-01	4.678814e-01	5.789246e-01	5.806148e-01	3.905205e-01	5.009559e-01	4.475351e-01	4.798565e-01	5.701695e-01	5.693362e-01	4.634224e-01	4.664826e-01	4.635429e-01	5.592401e-01	5.628956e-01	4.449974e-01	4.933023e-01	3.544959e-01	5.263576e-01	3.861567e-01	4.614614e-01	5.629019e-01	5.394341e-01	4.843747e-01	4.763086e-01	4.643343e-01	4.544155e-01	4.263063e-01	5.243913e-01	5.756986e-01	4.568961e-01	4.292896e-01	3.120441e-01	4.779812e-01	5.844995e-01	2.335923e-01	5.665187e-01	5.267874e-01	2.492524e-01	5.462771e-01	4.607857e-01	4.840254e-01	6.387807e-01	4.815277e-01	4.625389e-01	5.386053e-01	3.966229e-01	1.594319e-01	4.452843e-01	5.046657e-01	5.329399e-01	3.724450e-01	4.132208e-01	5.083758e-01	4.870459e-01	5.793877e-01	3.916554e-01	4.186647e-01	3.610158e-01	2.846787e-01	3.791145e-01	5.338096e-01	4.184446e-01	4.479486e-01	4.701134e-01	4.157776e-01	4.403870e-01	3.967718e-01	5.434073e-01	4.492401e-01	4.843894e-01	3.806455e-01	3.414185e-01	3.781627e-01	4.260507e-01	5.019473e-01	4.963239e-01	4.883336e-01	4.196139e-01	5.222528e-01	4.664255e-01	5.929835e-02	1.745179e-01	4.399483e-01	4.557216e-01	1.660329e-01	7.742984e-02	2.338050e-01	2.847985e-01	2.008239e-01	1.640203e-01	1.775944e-01	1.594887e-01	1.988727e-01	
4.964941e-01	3.979740e-01	6.172543e-01	2.592287e-01	5.593744e-01	5.178570e-01	5.661050e-01	7.408521e-01	4.788828e-01	3.345589e-01	7.087894e-01	3.298514e-01	4.464095e-01	3.605344e-01	5.879394e-01	4.747839e-01	3.414966e-01	4.150856e-01	8.606284e-01	5.012014e-01	4.050885e-01	6.486655e-01	3.331420e-01	5.274583e-01	4.502037e-01	5.345907e-01	3.349655e-01	3.068134e-01	4.315967e-01	4.506304e-01	4.940313e-01	4.415124e-01	4.114897e-01	3.821289e-01	3.908503e-01	5.666524e-01	6.697941e-01	3.198063e-01	4.294752e-01	5.875013e-01	4.134186e-01	5.413856e-01	6.203916e-01	5.309482e-01	4.458942e-01	4.402868e-01	5.145171e-01	5.191786e-01	4.051231e-01	5.047550e-01	7.222548e-01	6.174497e-01	7.722426e-01	4.066520e-01	4.633947e-01	4.664809e-01	3.995081e-01	8.262814e-01	4.240193e-01	4.170116e-01	4.210049e-01	6.646319e-01	4.222006e-01	4.276770e-01	4.501258e-01	3.886511e-01	4.914542e-01	5.555969e-01	6.984296e-01	4.724807e-01	4.722002e-01	6.056387e-01	7.060095e-01	4.410843e-01	7.262058e-01	4.032172e-01	3.645225e-01	3.903630e-01	4.163969e-01	3.857580e-01	4.807152e-01	8.169008e-01	7.924269e-01	5.766088e-01	5.346807e-01	4.113112e-01	4.651837e-01	4.564503e-01	2.673891e-01	5.664046e-01	6.610220e-01	6.782359e-01	4.477373e-01	5.392570e-01	4.023748e-01	5.733689e-01	4.856431e-01	5.730423e-01	5.795711e-01	4.134939e-01	3.037502e-01	3.150758e-01	4.011595e-01	5.978794e-01	5.109541e-01	4.528131e-01	3.359791e-01	3.393092e-01	4.255936e-01	4.515110e-01	5.852720e-01	4.045137e-01	5.078057e-01	4.073593e-01	5.481597e-01	3.618151e-01	4.531864e-01	4.501167e-01	4.656334e-01	4.339922e-01	4.677725e-01	8.253156e-01	7.010026e-02	1.615188e-01	5.591400e-01	6.063646e-01	1.899886e-01	9.788745e-02	2.465499e-01	4.099091e-01	2.373504e-01	1.933042e-01	2.210329e-01	1.509314e-01	2.124230e-01	
4.010515e-01	3.497919e-01	5.198518e-01	2.197982e-01	3.969275e-01	3.523679e-01	3.747240e-01	5.347568e-01	4.416882e-01	2.932930e-01	4.828942e-01	3.028327e-01	4.081914e-01	3.189971e-01	4.601765e-01	4.455601e-01	2.864549e-01	3.965630e-01	5.012014e-01	6.239985e-01	3.493487e-01	4.655325e-01	3.012235e-01	4.617310e-01	4.186450e-01	4.533527e-01	2.992677e-01	2.706901e-01	3.627846e-01	4.118589e-01	4.273737e-01	4.134021e-01	3.580390e-01	3.735335e-01	3.375563e-01	4.296182e-01	4.790001e-01	3.003260e-01	3.955078e-01	4.785676e-01	3.731103e-01	4.053307e-01	4.772230e-01	4.389770e-01	4.047180e-01	3.369795e-01	3.899166e-01	3.926329e-01	3.938011e-01	4.673919e-01	5.687986e-01	4.723156e-01	5.490471e-01	3.312652e-01	4.285775e-01	4.017003e-01	3.742758e-01	6.028351e-01	3.824940e-01	3.783589e-01	3.703002e-01	5.214394e-01	4.102701e-01	3.953047e-01	4.512382e-01	3.554884e-01	4.034256e-01	4.401601e-01	5.038310e-01	4.128933e-01	4.463480e-01	5.008029e-01	5.052619e-01	3.218084e-01	5.429137e-01	4.086364e-01	2.811439e-01	3.583295e-01	3.646189e-01	3.164227e-01	4.294770e-01	5.917549e-01	5.672169e-01	5.091577e-01	4.086248e-01	3.924769e-01	4.228203e-01	4.103491e-01	2.486301e-01	4.236776e-01	4.846926e-01	4.715068e-01	3.995892e-01	4.376799e-01	3.665635e-01	3.907129e-01	4.172571e-01	4.377532e-01	4.749919e-01	3.920697e-01	2.678261e-01	2.694553e-01	3.600149e-01	4.619912e-01	4.354392e-01	4.147069e-01	3.383765e-01	3.069985e-01	3.492025e-01	4.200338e-01	4.088520e-01	3.358411e-01	3.282132e-01	3.554040e-01	4.322297e-01	3.535038e-01	4.335181e-01	3.779661e-01	4.312487e-01	4.204572e-01	4.341264e-01	5.978162e-01	5.064060e-02	1.766607e-01	4.131040e-01	4.082373e-01	1.785076e-01	5.915257e-02	2.362371e-01	3.172298e-01	2.219935e-01	1.620461e-01	1.688659e-01	1.418147e-01	1.954463e-01	
2.964864e-01	2.814599e-01	4.334154e-01	2.086723e-01	4.391600e-01	3.480467e-01	4.380178e-01	4.400452e-01	4.909892e-01	2.988860e-01	3.921732e-01	3.982834e-01	4.265708e-01	4.328820e-01	4.094340e-01	4.088167e-01	2.184800e-01	5.045006e-01	4.050885e-01	3.493487e-01	6.236635e-01	3.794605e-01	2.223560e-01	4.172618e-01	3.318092e-01	3.856404e-01	2.499159e-01	1.729674e-01	4.708405e-01	4.342327e-01	3.760274e-01	3.612125e-01	2.549948e-01	3.761005e-01	3.512293e-01	3.986962e-01	3.869929e-01	2.244379e-01	3.877257e-01	3.900008e-01	3.623216e-01	3.395013e-01	4.271289e-01	5.124370e-01	5.008382e-01	3.620251e-01	4.497000e-01	4.236045e-01	4.016562e-01	4.787950e-01	5.174556e-01	4.230910e-01	4.536655e-01	4.038287e-01	4.769413e-01	4.992329e-01	3.794823e-01	4.790615e-01	3.078619e-01	4.434625e-01	3.379709e-01	4.196505e-01	4.935625e-01	4.532677e-01	4.234101e-01	4.245565e-01	4.050379e-01	4.094534e-01	4.098053e-01	4.586747e-01	4.755510e-01	4.075037e-01	4.114561e-01	2.906315e-01	4.525652e-01	4.861617e-01	2.323978e-01	4.706473e-01	4.580717e-01	2.175514e-01	4.663555e-01	4.537437e-01	4.619605e-01	5.604918e-01	4.512834e-01	3.867321e-01	4.507355e-01	3.362324e-01	1.528316e-01	4.283182e-01	4.811933e-01	4.995844e-01	3.217888e-01	3.721599e-01	4.278126e-01	4.534829e-01	5.144951e-01	3.422870e-01	3.802359e-01	3.025113e-01	2.489171e-01	3.376584e-01	4.450645e-01	3.817189e-01	3.974662e-01	4.096735e-01	3.458413e-01	3.694543e-01	3.474254e-01	4.473011e-01	4.375356e-01	4.361925e-01	3.616185e-01	2.960364e-01	3.447953e-01	3.497129e-01	4.203824e-01	4.332990e-01	4.329712e-01	3.530571e-01	4.477614e-01	4.581040e-01	5.028239e-02	1.392059e-01	4.055444e-01	4.278140e-01	1.372657e-01	8.669984e-02	1.978010e-01	2.687294e-01	1.600975e-01	1.508943e-01	1.701367e-01	1.353341e-01	1.662524e-01	
4.568020e-01	3.610037e-01	5.902955e-01	2.594506e-01	5.300180e-01	4.742414e-01	5.311723e-01	6.931016e-01	4.475125e-01	3.140889e-01	6.514240e-01	3.125602e-01	4.188664e-01	3.348732e-01	5.422867e-01	4.422147e-01	3.198815e-01	3.811017e-01	6.486655e-01	4.655325e-01	3.794605e-01	7.716791e-01	3.132396e-01	4.937319e-01	4.069104e-01	5.137198e-01	3.023819e-01	2.800262e-01	4.152498e-01	4.147868e-01	4.392339e-01	4.142866e-01	3.756877e-01	3.583610e-01	3.714391e-01	5.458105e-01	6.218229e-01	2.893585e-01	4.210572e-01	5.603743e-01	3.943655e-01	5.067306e-01	5.808847e-01	4.899442e-01	4.260418e-01	4.138429e-01	4.938163e-01	4.850149e-01	3.579996e-01	4.724943e-01	6.769910e-01	5.671366e-01	7.247545e-01	3.782809e-01	4.384722e-01	4.485166e-01	3.715216e-01	7.729362e-01	3.784192e-01	3.945971e-01	3.828974e-01	6.308514e-01	3.988704e-01	4.099060e-01	4.292336e-01	3.648383e-01	4.695457e-01	5.123860e-01	6.561951e-01	4.405326e-01	4.572472e-01	5.631724e-01	6.401420e-01	3.958026e-01	6.643658e-01	3.728311e-01	3.343432e-01	3.629986e-01	3.752467e-01	3.499985e-01	4.561604e-01	7.731224e-01	7.418310e-01	5.535924e-01	4.962202e-01	3.807731e-01	4.347811e-01	4.119311e-01	2.589977e-01	5.237727e-01	6.247154e-01	6.451640e-01	3.983561e-01	4.974645e-01	3.836468e-01	5.382815e-01	4.508798e-01	5.296930e-01	5.399584e-01	3.883555e-01	2.693945e-01	3.129899e-01	3.810286e-01	5.420416e-01	4.857019e-01	4.037948e-01	3.111100e-01	3.270389e-01	3.949825e-01	4.365678e-01	5.536523e-01	3.799964e-01	4.751985e-01	3.791873e-01	4.887829e-01	3.440164e-01	4.155515e-01	4.022626e-01	4.380967e-01	4.069608e-01	4.501704e-01	7.849397e-01	7.295120e-02	1.616209e-01	5.173361e-01	5.708485e-01	1.829974e-01	9.217202e-02	2.235406e-01	3.772230e-01	2.252227e-01	1.822636e-01	2.017527e-01	1.380548e-01	1.876506e-01	
