;SBCC001;SBCC002;SBCC003;SBCC004;SBCC005;SBCC006;SBCC007;SBCC008;SBCC009;SBCC010;SBCC011;SBCC012;SBCC013;SBCC014;SBCC015;SBCC016;SBCC017;SBCC018;SBCC019;SBCC020;SBCC021;SBCC022;SBCC024;SBCC025;SBCC026;SBCC028;SBCC029;SBCC033;SBCC034;SBCC036;SBCC037;SBCC039;SBCC040;SBCC041;SBCC042;SBCC043;SBCC044;SBCC046;SBCC047;SBCC048;SBCC049;SBCC050;SBCC051;SBCC052;SBCC053;SBCC054;SBCC055;SBCC056;SBCC057;SBCC058;SBCC059;SBCC060;SBCC062;SBCC063;SBCC064;SBCC065;SBCC066;SBCC067;SBCC068;SBCC069;SBCC070;SBCC071;SBCC072;SBCC073;SBCC074;SBCC075;SBCC076;SBCC078;SBCC079;SBCC081;SBCC082;SBCC083;SBCC084;SBCC086;SBCC087;SBCC089;SBCC090;SBCC091;SBCC092;SBCC093;SBCC094;SBCC095;SBCC096;SBCC097;SBCC098;SBCC099;SBCC100;SBCC101;SBCC103;SBCC104;SBCC105;SBCC106;SBCC107;SBCC108;SBCC109;SBCC110;SBCC111;SBCC112;SBCC113;SBCC114;SBCC115;SBCC116;SBCC117;SBCC118;SBCC119;SBCC121;SBCC122;SBCC123;SBCC125;SBCC126;SBCC127;SBCC128;SBCC129;SBCC131;SBCC132;SBCC134;SBCC135;SBCC136;SBCC139;SBCC140;SBCC141;SBCC146;SBCC147;SBCC148;SBCC149;SBCC150;SBCC151;SBCC152;SBCC153;SBCC154;SBCC155;SBCC156;SBCC157;SBCC158;SBCC159
SBCC001;0.5;0.223959676;0.210704922;0.194814792;0.186393699;0.207317392;0.196025625;0.210857926;0.131836012;0.1617798;0.211696832;0.138751139;0.196699772;0.107879363;0.207017758;0.171982417;0.219752397;0.111141472;0.22199669;0.189024729;0.219823024;0.233129843;0.209429362;0.164268377;0.213967736;0.185252801;0.207096054;0.221716303;0.142823932;0.162516985;0.198583802;0.167435656;0.231346432;0.210857926;0.15190005;0.223890109;0.221926646;0.242997895;0.144130051;0.221856567;0.154836649;0.18276736;0.214995794;0.152176564;0.143408552;0.164324123;0.17393477;0.178329442;0.173338796;0.150491095;0.225766814;0.229197606;0.143767929;0.149012478;0.137168697;0.149100933;0.150770589;0.226670383;0.205591589;0.133089117;0.178033676;0.22482972;0.14418374;0.151045217;0.172656948;0.122354708;0.167293375;0.172905061;0.223819479;0.12776692;0.154294907;0.217898576;0.239003115;0.194913596;0.258065796;0.143692765;0.228168721;0.151613442;0.138119064;0.200391395;0.140559644;0.220600705;0.223072682;0.137346502;0.172947805;0.130372935;0.148844857;0.190886018;0.229470661;0.215981888;0.205662404;0.190519593;0.205817709;0.239932501;0.117242099;0.195420514;0.20693954;0.292700122;0.191960589;0.191353428;0.124071711;0.139247406;0.127541896;0.223976934;0.176277616;0.164974461;0.163109782;0.119412124;0.157793934;0.171055404;0.198507821;0.15909682;0.199863858;0.18547875;0.205061999;0.135226104;0.174469111;0.198507821;0.173051545;0.170935073;0.151134475;0.218693278;0.028658401;0.081662651;0.196852607;0.183884056;0.084512529;0.045364648;0.135812318;0.185851478;0.154036199;0.082913549;0.109588997;0.089488427;0.101676788
SBCC002;0.223959676;0.5;0.180764634;0.190605576;0.167679368;0.173011679;0.187454227;0.187454227;0.139205998;0.185930648;0.179684796;0.138120623;0.166525193;0.118660157;0.17729931;0.167118701;0.199714629;0.105212866;0.18347193;0.171514704;0.17360652;0.164746463;0.295670481;0.126411865;0.202500938;0.115370339;0.228162717;0.259650651;0.127109916;0.129590802;0.155774511;0.173421141;0.275463506;0.180684282;0.129590802;0.149228584;0.17729931;0.225785439;0.135233843;0.164718965;0.141192939;0.138393946;0.152338022;0.136045099;0.128407256;0.164436416;0.17403749;0.17775064;0.157633616;0.143683976;0.167737758;0.157740441;0.12810438;0.137851327;0.1358617;0.119207607;0.145029241;0.17075503;0.193690115;0.132102546;0.159485922;0.169495723;0.128148042;0.132573377;0.150567862;0.109783428;0.137577525;0.128882189;0.173728708;0.128146944;0.141373471;0.167519553;0.146229588;0.179633114;0.158364391;0.121793026;0.238718846;0.1390093;0.133358191;0.222813836;0.131888387;0.165736932;0.170874998;0.12844592;0.162205985;0.110621133;0.1204747;0.181024942;0.253325668;0.166383428;0.173688673;0.174715167;0.212439172;0.161417552;0.120110493;0.182183942;0.172725099;0.162205985;0.164436416;0.187826983;0.144901835;0.150456628;0.120917941;0.170506231;0.142728483;0.142954319;0.139296832;0.113365671;0.14977878;0.151950558;0.178410468;0.13075921;0.167344536;0.214687857;0.153881599;0.136948213;0.14047013;0.178636303;0.154558934;0.160880731;0.139748275;0.167512036;0.02642328;0.060183532;0.146519924;0.170649106;0.076677932;0.050130397;0.109982358;0.151849592;0.164408676;0.072149791;0.100045603;0.068888976;0.060860867
SBCC003;0.210704922;0.180764634;0.5;0.147648533;0.243838194;0.237232763;0.250991391;0.284878201;0.20911805;0.17200446;0.284887285;0.201746635;0.243934883;0.184746249;0.295199441;0.219272966;0.174283685;0.18572801;0.284201718;0.286682158;0.278508647;0.275181936;0.212277357;0.250903614;0.257556536;0.282513856;0.131582083;0.142682657;0.212609988;0.220697255;0.261081093;0.2156733;0.216636311;0.5;0.229270361;0.315678237;0.257983481;0.179152173;0.253472455;0.308184905;0.251730503;0.280708992;0.301790292;0.238454476;0.203778641;0.259787891;0.25728814;0.242871545;0.211076311;0.223941817;0.312519725;0.299131184;0.203625623;0.191290529;0.216267909;0.227239888;0.225052995;0.281215262;0.235998481;0.186529496;0.227161498;0.33867229;0.216838054;0.224342693;0.221365023;0.20402181;0.247741919;0.247586273;0.276254729;0.223253763;0.217064402;0.312593676;0.320868135;0.251606658;0.32540909;0.207577254;0.170986916;0.210081443;0.213657271;0.135283587;0.207538396;0.280432737;0.297702487;0.210857926;0.241192694;0.215232275;0.199637852;0.20927668;0.144262708;0.291763786;0.280087506;0.248708558;0.212882084;0.335122017;0.174447609;0.262885958;0.237139469;0.327235961;0.261592301;0.22363016;0.160960415;0.193767271;0.217016318;0.320822134;0.279244244;0.223265279;0.224306984;0.189989299;0.230126762;0.229155198;0.231842701;0.233874196;0.230714093;0.202423005;0.284490099;0.215436664;0.233648474;0.231842701;0.236489818;0.243644767;0.216410703;0.276873656;0.06706591;0.02836053;0.2809346;0.22619966;0.046185266;0.051037279;0.069548848;0.25115434;0.136270878;0.053071169;0.113564566;0.091238024;0.057134158
SBCC004;0.194814792;0.190605576;0.147648533;0.5;0.14042544;0.163590073;0.154558934;0.162912738;0.124115304;0.183737699;0.158730742;0.125507841;0.155062541;0.114853722;0.163815851;0.12537627;0.176522305;0.116079912;0.16254616;0.128236472;0.147559801;0.155323068;0.179087974;0.127580143;0.157567757;0.118112431;0.198885637;0.191953643;0.125788892;0.107498169;0.126242503;0.126543731;0.181120492;0.147559801;0.112466547;0.145076238;0.151623814;0.177778812;0.117886595;0.154158972;0.128594409;0.122177467;0.136813894;0.095201096;0.13545211;0.139883333;0.150368515;0.165622079;0.119953489;0.120744512;0.147696861;0.159463082;0.135593542;0.128407256;0.121891743;0.115402406;0.131077973;0.157042497;0.162713829;0.118116591;0.117181131;0.143318595;0.119803313;0.11491444;0.140195269;0.104583101;0.12722192;0.13209084;0.145227233;0.106893673;0.117537541;0.156802647;0.141282657;0.162721386;0.148280622;0.103874499;0.192897662;0.124270024;0.124234917;0.172169655;0.134188287;0.153219178;0.15127254;0.12192714;0.158870756;0.124582653;0.131464411;0.127938547;0.201445901;0.156504439;0.154558934;0.15940876;0.147293339;0.150043365;0.106143157;0.156730275;0.163533756;0.15127254;0.14620513;0.126016668;0.162967116;0.149376105;0.098363588;0.14706739;0.119049693;0.123568676;0.13414674;0.127750732;0.130612867;0.134815987;0.16085029;0.154749662;0.15271612;0.159977617;0.1409218;0.12072692;0.12537627;0.161076239;0.134958131;0.114853722;0.122629137;0.150494922;0.072160087;0.062672613;0.132791728;0.147882448;0.078724572;0.086287348;0.098262369;0.118467997;0.114885553;0.061884552;0.113175014;0.089017253;0.062220828
SBCC005;0.186393699;0.167679368;0.243838194;0.14042544;0.5;0.326325517;0.348880645;0.230240674;0.162405432;0.179233011;0.237645413;0.187296813;0.21475967;0.169401042;0.237909417;0.165931985;0.119433329;0.17083788;0.241357754;0.214974892;0.237166642;0.237975335;0.166551328;0.183524964;0.194968615;0.1938499;0.12810438;0.136496656;0.210120783;0.187984091;0.219343607;0.176748197;0.159106263;0.24377375;0.200618141;0.264690822;0.234075046;0.143993821;0.189112131;0.237166642;0.193926918;0.208965638;0.252632481;0.244773091;0.170363427;0.281891916;0.328859916;0.341663004;0.161868995;0.17366707;0.238811622;0.249422366;0.170244034;0.191741859;0.177136781;0.190240171;0.177461675;0.234751699;0.189103041;0.172743122;0.160562977;0.256878689;0.173831843;0.184444925;0.16975757;0.153821364;0.212511605;0.199184357;0.238208975;0.17934031;0.179490555;0.233923711;0.245749849;0.220269464;0.263428182;0.161942959;0.129265064;0.194858446;0.19420153;0.105185943;0.185118323;0.240223918;0.252546792;0.174263382;0.318880053;0.180572816;0.171530291;0.140966763;0.140651162;0.320190398;0.352715017;0.336310606;0.154558934;0.23964833;0.164069639;0.354934035;0.326638295;0.258417032;0.223769179;0.181441458;0.162543655;0.168699548;0.188356886;0.244483113;0.214236414;0.169769252;0.180990242;0.170173912;0.19286393;0.205436512;0.346999253;0.216042187;0.352189544;0.143990524;0.216790653;0.176622316;0.175186572;0.346999253;0.190465779;0.173914338;0.178959769;0.242581235;0.051942561;0.045059727;0.243032451;0.319828777;0.039295895;0.034274796;0.066163023;0.211374698;0.122498391;0.049459623;0.10160132;0.075203715;0.046073798
SBCC006;0.207317392;0.173011679;0.237232763;0.163590073;0.326325517;0.5;0.290688416;0.277099264;0.150357192;0.170114206;0.279133032;0.166215359;0.20543327;0.156677398;0.243934883;0.152075371;0.136045099;0.144352247;0.284598531;0.200693457;0.275463506;0.272701496;0.17631518;0.182993309;0.178845288;0.19497794;0.135551319;0.135050081;0.193297812;0.182489601;0.22040129;0.154523713;0.169852371;0.237166642;0.187905557;0.258764309;0.2809346;0.159182754;0.185648908;0.240485459;0.177154905;0.211374698;0.253923558;0.222136671;0.158762793;0.238971506;0.287994012;0.291763786;0.146656687;0.142098335;0.238003146;0.255748943;0.158655046;0.177218066;0.170814984;0.173688673;0.17083788;0.276873656;0.176974089;0.19391054;0.149838904;0.259755483;0.154592222;0.170986916;0.154731404;0.140101101;0.207469542;0.185986865;0.279198746;0.179944811;0.152693753;0.238831248;0.249542202;0.214666039;0.257236728;0.147323329;0.152305547;0.177963377;0.177492482;0.126073396;0.174653218;0.285628259;0.261803709;0.150682577;0.288166446;0.17325641;0.15720188;0.163476871;0.145438507;0.304799932;0.327678825;0.294715671;0.162150323;0.243870431;0.137356637;0.321544046;0.499774505;0.2494855;0.217087527;0.159923119;0.144675658;0.17403749;0.164803377;0.23945164;0.210551996;0.149140251;0.158117801;0.167067198;0.189624055;0.199487599;0.335407492;0.203627497;0.412420007;0.152024851;0.226651104;0.15419446;0.158848725;0.335181714;0.178572396;0.147648533;0.15947179;0.283587439;0.03376745;0.058037045;0.235972163;0.309394968;0.056799414;0.041749957;0.098340094;0.200918838;0.143631825;0.065150658;0.084793385;0.056799414;0.054990627
SBCC007;0.196025625;0.187454227;0.250991391;0.154558934;0.348880645;0.290688416;0.5;0.241453194;0.178346674;0.189093937;0.24864526;0.209801581;0.225522496;0.189632756;0.261757917;0.185942142;0.120692163;0.182489601;0.253021353;0.212422123;0.24612708;0.246769623;0.180152448;0.203403482;0.210486146;0.20257377;0.123947761;0.128275021;0.220685978;0.205281748;0.210472038;0.192108869;0.164210751;0.250928732;0.224011928;0.272304199;0.23852029;0.139068209;0.208892385;0.261863678;0.199941316;0.219949961;0.264809187;0.260960792;0.200994002;0.301690539;0.331752668;0.333952488;0.195650616;0.203258746;0.264180265;0.267213685;0.200843749;0.211527754;0.205359091;0.224688922;0.195654764;0.252507988;0.202048128;0.205665822;0.188091797;0.269305893;0.206426024;0.211801772;0.187333815;0.188575519;0.214472202;0.212230037;0.246135174;0.198933075;0.197522069;0.249006654;0.246819834;0.238174976;0.263595354;0.187518931;0.149130255;0.215916881;0.209995014;0.120883106;0.211003553;0.254619197;0.270551289;0.190301731;0.318382635;0.206043829;0.198657865;0.164691426;0.137985941;0.309087564;0.350233953;0.340108575;0.168022042;0.248158063;0.198963133;0.353769198;0.290290071;0.256036375;0.238745898;0.214082676;0.154627454;0.196852607;0.211076311;0.256385026;0.219583135;0.188199927;0.193547177;0.196922585;0.198433852;0.231120483;0.322989676;0.240580533;0.296122038;0.145480571;0.235002804;0.196630127;0.191586604;0.322989676;0.212882084;0.184215437;0.198737468;0.241388119;0.046411045;0.035013438;0.270273215;0.30103906;0.038953927;0.031211595;0.076213803;0.201896775;0.128049186;0.045056374;0.095856531;0.057251199;0.044604817
SBCC008;0.210857926;0.187454227;0.284878201;0.162912738;0.230240674;0.277099264;0.241453194;0.5;0.179023839;0.16356168;0.420545986;0.157181945;0.221755279;0.151034357;0.264013998;0.163449047;0.171943877;0.149091208;0.393792068;0.21896311;0.392384968;0.372112426;0.198210178;0.209954357;0.196925778;0.219724296;0.142998258;0.144398903;0.179943252;0.175268327;0.217693313;0.175844628;0.174365668;0.284824083;0.195352496;0.312021207;0.360834863;0.171387085;0.208965638;0.268861049;0.205655585;0.231007537;0.281440814;0.203176054;0.153116909;0.232203265;0.243676883;0.228819145;0.176911003;0.188081904;0.258087315;0.260207495;0.153014846;0.17225219;0.172395434;0.18429492;0.195429156;0.369631362;0.188946378;0.19323235;0.169162049;0.287328231;0.166278091;0.170533418;0.178956807;0.150552711;0.22531503;0.209062758;0.341928949;0.171708938;0.184390542;0.267774625;0.278409993;0.237944497;0.281081577;0.139147952;0.174078977;0.161827456;0.17992857;0.13992958;0.182409664;0.383410226;0.367886323;0.172373698;0.2494855;0.174243048;0.163618082;0.182993309;0.149140251;0.269596221;0.26830055;0.249548602;0.175556332;0.281611424;0.149316873;0.241388119;0.276534903;0.282013983;0.23852029;0.188582551;0.138477673;0.174941059;0.15419446;0.289853161;0.22319559;0.171040763;0.174816997;0.161412769;0.201370452;0.209881261;0.276535584;0.191135047;0.260674817;0.177073645;0.24967471;0.185344045;0.188199927;0.27647931;0.204830418;0.167512036;0.19602949;0.375689974;0.015027837;0.057811323;0.232812855;0.261863678;0.060976088;0.025547162;0.10782279;0.20866672;0.149051873;0.072601348;0.089083176;0.056799414;0.07531069
SBCC009;0.131836012;0.139205998;0.20911805;0.124115304;0.162405432;0.150357192;0.178346674;0.179023839;0.5;0.182381321;0.178926224;0.275858419;0.243289875;0.236742299;0.218976568;0.238868564;0.162516985;0.263609937;0.186551568;0.228299559;0.168866366;0.166241734;0.142050977;0.261789538;0.200240307;0.238548527;0.102504206;0.09361985;0.266349383;0.264287273;0.221459506;0.246809309;0.152526928;0.209044816;0.258868589;0.192263939;0.16254616;0.150418276;0.276761306;0.226287561;0.268409606;0.237645413;0.20911805;0.253839473;0.239932501;0.226425382;0.204232531;0.203401776;0.29765153;0.305192765;0.201370281;0.189989299;0.239517237;0.241644365;0.2812812;0.269989657;0.293516691;0.167286314;0.201445901;0.243935053;0.24500286;0.203330387;0.266969754;0.270186821;0.27665124;0.264551911;0.270377771;0.265502977;0.181351808;0.241876771;0.308460831;0.20619585;0.206516391;0.181164509;0.190995895;0.25172359;0.129664329;0.278757537;0.250152271;0.110855906;0.294038165;0.167009029;0.195420514;0.3359609;0.214102244;0.315665602;0.291969479;0.233404365;0.091360928;0.186393699;0.193018581;0.182993309;0.200843294;0.199037294;0.256220637;0.197682623;0.150081941;0.187659527;0.214687857;0.248708558;0.153007783;0.221700754;0.257513918;0.20257485;0.237353493;0.269364017;0.280317544;0.270882522;0.253263502;0.332713293;0.159128602;0.225001818;0.14986702;0.199113065;0.221319183;0.301540721;0.271848832;0.159128602;0.263384159;0.253161967;0.323667011;0.170137649;0.018623625;0.013776501;0.22771116;0.16898446;0.037817462;0;0.046408371;0.147019355;0.099844013;0.046634263;0.083107952;0.081436645;0.045053018
SBCC010;0.1617798;0.185930648;0.17200446;0.183737699;0.179233011;0.170114206;0.189093937;0.16356168;0.182381321;0.5;0.155758339;0.168424261;0.204761569;0.140559644;0.186913348;0.158192567;0.153445242;0.152628576;0.151674158;0.159128602;0.153984613;0.165227692;0.170935073;0.170972379;0.206878721;0.129575951;0.159775009;0.164353072;0.166536268;0.161894828;0.176214834;0.169924233;0.177796478;0.171921799;0.166188944;0.159042697;0.148874984;0.14368106;0.182913398;0.177407932;0.176666732;0.136899677;0.166131261;0.162261703;0.147615961;0.163787629;0.191268156;0.19361292;0.173338796;0.179538731;0.183445207;0.172021055;0.147971187;0.187354709;0.174078691;0.150594521;0.1990357;0.154297764;0.207174429;0.161976384;0.156788518;0.171794707;0.161095663;0.165348504;0.183458122;0.143876575;0.171816919;0.157415143;0.141101234;0.147605673;0.169709954;0.188387153;0.162594782;0.32598777;0.158840821;0.152472516;0.174120397;0.16631982;0.180583916;0.143362325;0.197075423;0.162910971;0.182221069;0.166304485;0.184629459;0.172761219;0.190050683;0.14245967;0.161638946;0.17522919;0.187286343;0.183125778;0.15010391;0.171921799;0.144944368;0.192935073;0.169602889;0.167209422;0.180507868;0.168901018;0.191635523;0.159377174;0.140333581;0.176422092;0.145895874;0.179668563;0.192257225;0.173584621;0.183045819;0.183045819;0.165116085;0.186145257;0.160141442;0.145711695;0.176811232;0.186077484;0.177860058;0.165116085;0.185546204;0.165736932;0.178167269;0.169436359;0.051603779;0.054655659;0.152038272;0.152591859;0.079762809;0.032768905;0.089818081;0.150054295;0.124414461;0.065506689;0.147930955;0.125129852;0.065054563
SBCC011;0.211696832;0.179684796;0.284887285;0.158730742;0.237645413;0.279133032;0.24864526;0.420545986;0.178926224;0.155758339;0.5;0.157062251;0.214923986;0.146615492;0.266486253;0.160172442;0.169662308;0.150092912;0.379916092;0.22319559;0.388437339;0.38756232;0.198583802;0.216445355;0.195941172;0.221248969;0.14083133;0.137486166;0.180380222;0.184202641;0.229832874;0.168734007;0.181491934;0.285058892;0.1941419;0.320189773;0.367693814;0.178376057;0.19918732;0.274954623;0.201972414;0.240901594;0.285058892;0.206266074;0.152993115;0.233288457;0.240253479;0.227190902;0.170257055;0.18625846;0.263264927;0.262906509;0.153342744;0.167628765;0.176133214;0.180814257;0.184508022;0.376499174;0.180266134;0.193077573;0.161352539;0.28960215;0.162626421;0.17224259;0.175767903;0.147468848;0.222324478;0.218280246;0.349476602;0.167421275;0.177952289;0.258938871;0.29112661;0.231906828;0.294498997;0.143783107;0.16988923;0.159664243;0.177621054;0.135050081;0.179378122;0.385780527;0.360971183;0.163674541;0.246519332;0.165541387;0.16101556;0.17249545;0.139972233;0.267105095;0.276197172;0.240705605;0.160086779;0.275745502;0.145800959;0.235706073;0.278792801;0.285185875;0.244580224;0.180814257;0.13675363;0.182301215;0.159494595;0.29212676;0.221108434;0.170935073;0.181266042;0.150429697;0.20853115;0.203556507;0.275180572;0.188789557;0.266761673;0.176748197;0.247614773;0.184800902;0.189015564;0.2751239;0.200918667;0.165821172;0.187816917;0.366531311;0.018606941;0.058043416;0.24745247;0.270887538;0.052847155;0.025293875;0.109687412;0.205662404;0.140333581;0.068780302;0.093866982;0.054543341;0.071040363
SBCC012;0.138751139;0.138120623;0.201746635;0.125507841;0.187296813;0.166215359;0.209801581;0.157181945;0.275858419;0.168424261;0.157062251;0.5;0.233965963;0.269138125;0.206865721;0.233154026;0.142910313;0.282013983;0.173975883;0.201746635;0.150092912;0.157268276;0.148649035;0.24244917;0.186292258;0.210406141;0.086513012;0.098059778;0.298221623;0.261909573;0.192786546;0.232884756;0.119823351;0.201671508;0.244064086;0.175844628;0.147696861;0.132595582;0.232995366;0.203554684;0.228545915;0.20724365;0.204455977;0.290771065;0.261849571;0.248871096;0.224655123;0.208672404;0.266761673;0.250185566;0.195497253;0.185986865;0.2620894;0.27100296;0.298125636;0.275745502;0.245031895;0.14385766;0.18667652;0.268336131;0.232932872;0.189380378;0.304867643;0.29758614;0.243741089;0.289899244;0.238671037;0.229376925;0.150806238;0.267217782;0.26617224;0.202804448;0.193196276;0.167536781;0.178791021;0.284551363;0.10245945;0.312589891;0.297172496;0.08955379;0.254167299;0.154175099;0.165736932;0.269299281;0.219837157;0.269241068;0.258999714;0.225873264;0.098285841;0.195573954;0.203704027;0.204987632;0.198431802;0.18510621;0.284272906;0.200466883;0.165931985;0.175065371;0.183830516;0.232769474;0.130053189;0.223594502;0.287607777;0.191953643;0.208678097;0.259138181;0.254003345;0.265670166;0.222620555;0.261895501;0.174325165;0.249133194;0.16641495;0.176748197;0.1941419;0.257843513;0.255748943;0.174325165;0.239028704;0.229990737;0.277100514;0.15596611;0.005498585;0.017824463;0.210930758;0.19029353;0.034418649;0;0.039741533;0.146163594;0.089017253;0.043467615;0.082792682;0.083712838;0.053411885
SBCC013;0.196699772;0.166525193;0.243934883;0.155062541;0.21475967;0.20543327;0.225522496;0.221755279;0.243289875;0.204761569;0.214923986;0.233965963;0.5;0.219131578;0.264572338;0.216422236;0.174715167;0.213035559;0.217467648;0.238905806;0.209044816;0.222432274;0.169151219;0.248681182;0.266987679;0.234258736;0.127239739;0.126826011;0.231256509;0.279640209;0.275350418;0.234894808;0.17149232;0.243870431;0.26767395;0.24103209;0.197984456;0.166698926;0.255769194;0.267163759;0.265082924;0.229065831;0.258538645;0.251129449;0.234509721;0.25238337;0.25100401;0.238388629;0.247226577;0.230373029;0.258642811;0.24290141;0.234325639;0.234777082;0.238190888;0.261803709;0.260057905;0.214236414;0.24558123;0.20807891;0.215027266;0.24177081;0.253999236;0.247110688;0.256099538;0.220391335;0.258399446;0.252374765;0.206734878;0.225559607;0.245229322;0.254597765;0.237905821;0.238962686;0.237119302;0.240754644;0.15984487;0.246014562;0.256502299;0.11965905;0.242000175;0.2113174;0.23473567;0.237992847;0.245969109;0.22858739;0.237700647;0.196925778;0.128859041;0.236357134;0.228005433;0.229538839;0.188042809;0.235679969;0.225001818;0.241935204;0.205130301;0.238962919;0.26344373;0.219808913;0.175642631;0.190605576;0.237579328;0.253387803;0.244967655;0.238256834;0.241709425;0.21125224;0.24286984;0.25992097;0.209502572;0.231865905;0.189624055;0.176540901;0.262706823;0.249160115;0.24525773;0.209502572;0.249900432;0.21906083;0.237711464;0.206262205;0.036017328;0.061201923;0.232226729;0.209502572;0.057139619;0.02576062;0.097911803;0.184361693;0.134414237;0.062446721;0.108528739;0.078272559;0.063802074
SBCC014;0.107879363;0.118660157;0.184746249;0.114853722;0.169401042;0.156677398;0.189632756;0.151034357;0.236742299;0.140559644;0.146615492;0.269138125;0.219131578;0.5;0.184892602;0.181717826;0.111013553;0.349857314;0.167370058;0.201069357;0.145527795;0.143675252;0.116757418;0.226011502;0.163844145;0.20987466;0.058717735;0.065725688;0.273425173;0.244870324;0.169234535;0.187128646;0.080955151;0.18466688;0.233807179;0.162461181;0.137265337;0.12192714;0.221840919;0.19963899;0.218750847;0.210326217;0.18429492;0.266712088;0.301214824;0.232745588;0.217337583;0.202498889;0.215221629;0.24283478;0.179620345;0.179135533;0.30141496;0.279810538;0.267046402;0.280824295;0.216719352;0.145165595;0.163250865;0.253529056;0.197445666;0.193381101;0.296131963;0.298998542;0.228175951;0.312505142;0.222082516;0.22181772;0.156648641;0.298856101;0.22364555;0.174304868;0.171561654;0.158802222;0.157141769;0.316281116;0.074749358;0.279268281;0.269159935;0.053184399;0.255646156;0.149828232;0.157009154;0.24529109;0.206870048;0.246843877;0.257373099;0.178683293;0.062788348;0.185039028;0.196630127;0.198583802;0.153619916;0.174201661;0.308362334;0.201295078;0.156850182;0.158730742;0.179475283;0.194295946;0.100042239;0.208073667;0.308717462;0.186687456;0.204532943;0.206791865;0.231775172;0.252437265;0.210785057;0.236995162;0.174941059;0.2494855;0.152577727;0.140876884;0.159214463;0.227642573;0.228477521;0.175022938;0.224324483;0.185716364;0.237871191;0.139431776;0.029466453;0.011066477;0.200843521;0.172908029;0.036235419;0.013065876;0.043586766;0.124661656;0.040871279;0.053862815;0.052055677;0.091154909;0.041438742
SBCC015;0.207017758;0.17729931;0.295199441;0.163815851;0.237909417;0.243934883;0.261757917;0.264013998;0.218976568;0.186913348;0.266486253;0.206865721;0.264572338;0.184892602;0.5;0.188877262;0.1507207;0.201445446;0.276478685;0.263396711;0.248835057;0.25437466;0.174283685;0.276762216;0.245743102;0.270724545;0.125527813;0.137985941;0.215706311;0.226268576;0.254702343;0.210333159;0.170529366;0.295147906;0.22040129;0.300336891;0.2500263;0.165369273;0.255153672;0.313779654;0.254312852;0.296952771;0.298357159;0.233874196;0.205284874;0.241678802;0.261517875;0.251831164;0.21280978;0.2068047;0.330117151;0.323941224;0.205130301;0.194824354;0.221840919;0.231233202;0.235361778;0.256343325;0.237964995;0.179749312;0.195334948;0.313544942;0.212464841;0.210894775;0.214276086;0.191677522;0.272074724;0.291864492;0.263060037;0.208541594;0.209974379;0.340359187;0.300132862;0.257765757;0.311285052;0.191379526;0.164326295;0.214780549;0.219307888;0.122462759;0.220034692;0.253489451;0.282520562;0.206943921;0.250389069;0.218932676;0.217349835;0.168675012;0.141147636;0.291485708;0.28206264;0.252484461;0.169151219;0.279751138;0.181135612;0.249060722;0.243387205;0.290146104;0.334178096;0.204379088;0.182140883;0.17403749;0.193244302;0.334052821;0.273995747;0.216422236;0.220175626;0.201446129;0.271848832;0.234124827;0.227259603;0.231775172;0.219808913;0.164210751;0.321499129;0.210850589;0.219357356;0.227259603;0.216719352;0.214687857;0.21475967;0.252897024;0.047765716;0.03659349;0.27557648;0.220190007;0.053185139;0.030078708;0.089083176;0.24132301;0.13446465;0.052168282;0.104436113;0.092490389;0.04765385
SBCC016;0.171982417;0.167118701;0.219272966;0.12537627;0.165931985;0.152075371;0.185942142;0.163449047;0.238868564;0.158192567;0.160172442;0.233154026;0.216422236;0.181717826;0.188877262;0.5;0.210785057;0.178636303;0.177443788;0.241548731;0.160654953;0.171123582;0.17344209;0.226237565;0.242966236;0.22199669;0.135050081;0.14164461;0.220247749;0.242321871;0.213487116;0.352003291;0.173298547;0.219272966;0.23554681;0.179991315;0.162009624;0.186292258;0.242160982;0.20521062;0.235002804;0.230578433;0.195501518;0.229155198;0.208678097;0.215519122;0.182461386;0.193844389;0.267272351;0.224796077;0.214995794;0.194208459;0.208971546;0.210930758;0.224116059;0.224932549;0.232000951;0.163590073;0.235187568;0.214944848;0.299631011;0.193529928;0.219044165;0.224290539;0.268723038;0.200083444;0.24122298;0.213144058;0.167443035;0.20877621;0.220856783;0.210120783;0.193805578;0.162173441;0.170236316;0.207735288;0.169769652;0.236170235;0.212448062;0.149140251;0.223125866;0.17416089;0.177715257;0.221264177;0.188258962;0.226935263;0.218635594;0.295515998;0.145033848;0.185264807;0.170589206;0.177263245;0.284498798;0.18774837;0.212059934;0.176233668;0.151799186;0.188032898;0.19813418;0.311023417;0.138203792;0.189919588;0.199111529;0.1941419;0.233154026;0.25151853;0.223803372;0.206426024;0.207774072;0.227299121;0.159042697;0.171243952;0.145937644;0.258807851;0.207994898;0.221926646;0.25355156;0.159042697;0.270777124;0.303071579;0.224480878;0.175022938;0.008560547;0.038728035;0.210704922;0.178474325;0.071718382;0;0.090580097;0.155601098;0.131384;0.058043416;0.09238769;0.08517418;0.07883074
SBCC017;0.219752397;0.199714629;0.174283685;0.176522305;0.119433329;0.136045099;0.120692163;0.171943877;0.162516985;0.153445242;0.169662308;0.142910313;0.174715167;0.111013553;0.1507207;0.210785057;0.5;0.113595724;0.166383428;0.18602121;0.168925383;0.176992345;0.20934991;0.161950403;0.200843066;0.149277708;0.228025736;0.210712152;0.142279094;0.156730275;0.198058143;0.20770039;0.222674196;0.17442744;0.12737168;0.143631825;0.174653218;0.363492297;0.147471025;0.170423214;0.154333156;0.145438507;0.136362451;0.136539377;0.10042116;0.130174859;0.132966043;0.137625548;0.178926224;0.147534816;0.168022042;0.148746847;0.100823657;0.133376886;0.138164184;0.139340953;0.149366029;0.166525193;0.200918496;0.147389784;0.189894064;0.157793934;0.13679661;0.140329633;0.176755902;0.108903354;0.150054295;0.161749978;0.154974983;0.110755663;0.144500238;0.146985497;0.164440359;0.127218374;0.146146068;0.123419418;0.23352687;0.139599893;0.134274223;0.224029208;0.14706739;0.171899689;0.167318975;0.143860793;0.126995857;0.139517882;0.140423047;0.207552913;0.216885685;0.141373471;0.133787314;0.12844592;0.243031029;0.162912738;0.117209089;0.135275917;0.136228313;0.164070208;0.162235402;0.198509814;0.126072314;0.135812318;0.109432308;0.166047121;0.161302188;0.161528137;0.148600202;0.124940572;0.158644693;0.160538791;0.124472473;0.116338303;0.133058542;0.255256134;0.172908029;0.138346515;0.172599647;0.124698422;0.174941059;0.187591025;0.143631825;0.172621212;0.028218125;0.047763725;0.125113326;0.139520221;0.075227403;0.050129595;0.10052186;0.136539377;0.116919608;0.077926943;0.114078811;0.084495991;0.090128198
SBCC018;0.111141472;0.105212866;0.18572801;0.116079912;0.17083788;0.144352247;0.182489601;0.149091208;0.263609937;0.152628576;0.150092912;0.282013983;0.213035559;0.349857314;0.201445446;0.178636303;0.113595724;0.5;0.160459911;0.19836206;0.132525183;0.134289379;0.117305486;0.232408741;0.161809577;0.200693116;0.046411045;0.051603893;0.282876994;0.242000175;0.168414923;0.179071294;0.096409722;0.185648908;0.230488371;0.158257449;0.118852122;0.114788449;0.232519866;0.192341416;0.211149033;0.201821724;0.178508553;0.262766565;0.290929133;0.217693313;0.215447465;0.192870183;0.224706714;0.250991562;0.171123582;0.173790922;0.290808714;0.275576196;0.272752401;0.262766565;0.227848229;0.133294671;0.170114206;0.27749779;0.197522069;0.182155257;0.305694897;0.289803495;0.228923999;0.327731997;0.231346432;0.22301939;0.146766011;0.283524313;0.233453256;0.181090183;0.162567927;0.155805215;0.15472997;0.307602819;0.076898737;0.291089135;0.265555691;0.040205036;0.262872887;0.138616196;0.151222373;0.26517963;0.20197304;0.267263687;0.266811332;0.171530291;0.051152108;0.170220696;0.190162205;0.182169611;0.173133921;0.170220696;0.307459448;0.18872987;0.144080086;0.153845866;0.193998507;0.201144559;0.126845567;0.212366702;0.342180846;0.179313809;0.204381533;0.214544123;0.240871567;0.262906509;0.219371126;0.254783348;0.161246982;0.268292935;0.136630929;0.142231213;0.16404163;0.229968945;0.231933445;0.161246982;0.221163584;0.19068349;0.246966051;0.133653791;0.022358244;0.011866938;0.196630127;0.167260722;0.047649754;0.00706983;0.045393449;0.123175726;0.051829785;0.04584512;0.063911948;0.09509908;0.048555144
SBCC019;0.22199669;0.18347193;0.284201718;0.16254616;0.241357754;0.284598531;0.253021353;0.393792068;0.186551568;0.151674158;0.379916092;0.173975883;0.217467648;0.167370058;0.276478685;0.177443788;0.166383428;0.160459911;0.5;0.235043906;0.377494838;0.386350748;0.198060473;0.214923986;0.201295192;0.242355627;0.144352247;0.138528662;0.199032507;0.195203548;0.217989959;0.174489274;0.174222001;0.284147429;0.206483949;0.314775805;0.362899315;0.17440724;0.197910844;0.279525473;0.213549879;0.254764068;0.284427212;0.224914587;0.179620345;0.236781661;0.254804577;0.23317284;0.17631518;0.177064012;0.271910279;0.288963472;0.179491637;0.18384359;0.183007022;0.196331588;0.185807073;0.368536679;0.179313809;0.201219895;0.173235293;0.284218539;0.187186403;0.181951315;0.184243873;0.160408753;0.222900031;0.22134972;0.382495474;0.192148401;0.186281009;0.27732783;0.292698806;0.229255865;0.302478425;0.158083342;0.160783202;0.183043584;0.191683728;0.134289379;0.188504148;0.380954787;0.342406625;0.172682136;0.244580224;0.175599427;0.17582549;0.190223683;0.141689561;0.280032168;0.276027583;0.245321881;0.179846123;0.29131257;0.156850182;0.248221435;0.284255979;0.283198068;0.231593982;0.193624292;0.139021229;0.185185528;0.17165769;0.288273109;0.24132301;0.174283685;0.176703689;0.159236962;0.200316496;0.209728465;0.284038769;0.197533013;0.272021152;0.168807408;0.246352744;0.185874573;0.189632756;0.283984398;0.205056083;0.167595723;0.191593819;0.358804901;0.028918954;0.061081929;0.259050621;0.266603833;0.065492795;0.034048276;0.094378227;0.220626955;0.137851327;0.07541761;0.07406328;0.05262018;0.072934672
SBCC020;0.189024729;0.171514704;0.286682158;0.128236472;0.214974892;0.200693457;0.212422123;0.21896311;0.228299559;0.159128602;0.22319559;0.201746635;0.238905806;0.201069357;0.263396711;0.241548731;0.18602121;0.19836206;0.235043906;0.5;0.216636311;0.221288739;0.185874573;0.24248284;0.235639466;0.26378839;0.121334435;0.116176593;0.208610289;0.23626421;0.252056772;0.240223918;0.190240171;0.286628493;0.240325154;0.248447043;0.207234444;0.206040125;0.257696973;0.279299808;0.257306827;0.275068791;0.265711165;0.227848229;0.201295078;0.234075046;0.241257868;0.23655611;0.250414711;0.215181709;0.274843183;0.274050826;0.201144559;0.19557816;0.208745768;0.221599688;0.244224853;0.221444174;0.240966859;0.197002158;0.247006273;0.280377403;0.215027266;0.209607722;0.24422622;0.189711275;0.245031895;0.257764245;0.233226793;0.205642639;0.198730176;0.272580504;0.273647056;0.223034511;0.265925582;0.200993202;0.153527228;0.213262367;0.202212718;0.103832294;0.220782341;0.2203454;0.250289007;0.219738336;0.234191798;0.24183592;0.22149024;0.222760364;0.111886802;0.252507988;0.240841584;0.211229331;0.222518255;0.264013998;0.188513688;0.216861919;0.2003931;0.240515188;0.280538608;0.250477516;0.147615961;0.167796207;0.201219781;0.277664193;0.276084141;0.244031669;0.218215567;0.203556507;0.24396721;0.243902718;0.198887343;0.202724611;0.18602121;0.218215567;0.277720154;0.20821539;0.242225896;0.198963133;0.241162454;0.257696973;0.21325219;0.217538743;0.046073798;0.018431278;0.241678802;0.18602121;0.055781875;0.024534434;0.078351991;0.21430834;0.128368631;0.059165653;0.107921525;0.099593932;0.067291632
SBCC021;0.219823024;0.17360652;0.278508647;0.147559801;0.237166642;0.275463506;0.24612708;0.392384968;0.168866366;0.153984613;0.388437339;0.150092912;0.209044816;0.145527795;0.248835057;0.160654953;0.168925383;0.132525183;0.377494838;0.216636311;0.5;0.399604425;0.194295946;0.199789206;0.200918496;0.221685228;0.13419733;0.136856764;0.169674176;0.174509407;0.212882084;0.160624341;0.178572396;0.27867852;0.187826983;0.305427953;0.386490597;0.180572816;0.1938499;0.258642811;0.195203548;0.224619609;0.280257776;0.206036426;0.154610757;0.218821637;0.249937284;0.223109268;0.164634512;0.174861594;0.266211248;0.259694907;0.154507164;0.167879864;0.166892865;0.174509407;0.181667066;0.405672106;0.186608496;0.184641952;0.158213798;0.272354441;0.15600297;0.171584105;0.174799384;0.146373334;0.202424938;0.207178995;0.365186515;0.160956548;0.1746551;0.250752753;0.29945227;0.237646574;0.296245252;0.145416765;0.163333901;0.161969036;0.174121615;0.133161339;0.170589206;0.429051959;0.381632463;0.167854714;0.243547688;0.159775009;0.161583514;0.165510926;0.138889282;0.27314976;0.262826276;0.230510551;0.170137649;0.277268825;0.144939873;0.239291515;0.275125378;0.289641319;0.234392509;0.175186572;0.128203315;0.171469901;0.155687826;0.276930867;0.225904932;0.164634512;0.168414923;0.139247406;0.190075839;0.195569741;0.279810538;0.184587471;0.270551289;0.171800747;0.240128976;0.175330554;0.173667926;0.279810538;0.190761364;0.170814984;0.183763994;0.374047329;0.020099891;0.053184399;0.245160278;0.273938819;0.054201028;0.030186556;0.10501398;0.200015951;0.144445606;0.079720422;0.099593932;0.067307332;0.068988892
SBCC022;0.233129843;0.164746463;0.275181936;0.155323068;0.237975335;0.272701496;0.246769623;0.372112426;0.166241734;0.165227692;0.38756232;0.157268276;0.222432274;0.143675252;0.25437466;0.171123582;0.176992345;0.134289379;0.386350748;0.221288739;0.399604425;0.5;0.195352496;0.215827555;0.201295192;0.218892391;0.140064615;0.145076238;0.178892577;0.191368211;0.219569215;0.166357153;0.178734161;0.275350929;0.19497794;0.300336891;0.39579531;0.185930648;0.188209699;0.272078534;0.193701367;0.22363016;0.268191605;0.209569379;0.156365162;0.229338469;0.242838318;0.219639764;0.179023839;0.17049659;0.271684671;0.2674983;0.156259855;0.165339075;0.165931985;0.176252473;0.175431714;0.388352118;0.189702235;0.187207515;0.163278474;0.263883113;0.162825891;0.164496041;0.173152797;0.142009495;0.215447465;0.201672306;0.355326798;0.166303504;0.179943252;0.258790654;0.292698806;0.23570764;0.292034755;0.15149929;0.168946173;0.16509408;0.178947792;0.136319851;0.179249561;0.39541189;0.361823574;0.159128602;0.236224316;0.159322883;0.173790922;0.169210409;0.152752706;0.280032168;0.261817853;0.238322748;0.176911003;0.270105415;0.146246605;0.23739225;0.272984087;0.283875574;0.228436264;0.183246322;0.127127903;0.181120492;0.154507164;0.282178625;0.221233785;0.160514666;0.173770785;0.133233146;0.191960589;0.193238331;0.276084141;0.182861107;0.270666822;0.164746463;0.244321761;0.177073645;0.17496085;0.276084141;0.189710875;0.172560349;0.185502402;0.381104567;0.023953078;0.063338577;0.239422722;0.269705956;0.058266064;0.032462635;0.10724436;0.204830418;0.139883333;0.078577713;0.09753833;0.065041124;0.070000291
SBCC024;0.209429362;0.295670481;0.212277357;0.179087974;0.166551328;0.17631518;0.180152448;0.198210178;0.142050977;0.170935073;0.198583802;0.148649035;0.169151219;0.116757418;0.174283685;0.17344209;0.20934991;0.117305486;0.198060473;0.185874573;0.194295946;0.195352496;0.5;0.155705873;0.208152516;0.137851327;0.200768167;0.202650887;0.133809613;0.125885068;0.169008756;0.174695175;0.27179543;0.212277357;0.128368631;0.164944744;0.190761364;0.216362305;0.154784713;0.179846123;0.142005492;0.152752706;0.161277108;0.155375263;0.111819319;0.165931985;0.184800902;0.165480541;0.160709847;0.135571626;0.172477912;0.177552692;0.111758793;0.115854077;0.145711695;0.130400637;0.146745646;0.195275797;0.195723145;0.147615961;0.199710295;0.179135533;0.130998853;0.133841588;0.160446459;0.111730406;0.150594521;0.135805299;0.16707383;0.120498606;0.135529254;0.192773892;0.153630327;0.177936963;0.156005724;0.124196478;0.2218648;0.138917748;0.144946909;0.183910136;0.133150993;0.186224394;0.183445207;0.129934677;0.166640957;0.116080482;0.125129852;0.197677384;0.202951697;0.173750104;0.178346674;0.159720544;0.229832874;0.184441159;0.117079707;0.179394566;0.176026865;0.182089512;0.165790404;0.210551996;0.135897221;0.139746227;0.125564997;0.17810355;0.156643787;0.168616076;0.148011358;0.119926464;0.147882448;0.16203564;0.174797102;0.15190005;0.179087974;0.225748217;0.174571267;0.129404198;0.163872339;0.175022938;0.158848725;0.175022938;0.132432644;0.179023839;0.039405712;0.05555604;0.16697675;0.187738242;0.060418075;0.056590714;0.113950153;0.151310226;0.15271612;0.050926216;0.095878773;0.070362345;0.062220828
SBCC025;0.164268377;0.126411865;0.250903614;0.127580143;0.183524964;0.182993309;0.203403482;0.209954357;0.261789538;0.170972379;0.216445355;0.24244917;0.248681182;0.226011502;0.276762216;0.226237565;0.161950403;0.232408741;0.214923986;0.24248284;0.199789206;0.215827555;0.155705873;0.5;0.211777569;0.27331585;0.093743385;0.099416157;0.230531507;0.261397672;0.242579017;0.231075339;0.133418055;0.251066746;0.245065084;0.225402551;0.21010721;0.160024586;0.323126372;0.282075155;0.308217484;0.267891703;0.239837682;0.242353011;0.208005267;0.208599003;0.206648204;0.212140752;0.258112465;0.25634812;0.261171723;0.26562132;0.208299616;0.230080638;0.237926767;0.254557342;0.293308595;0.202876836;0.209967695;0.236823162;0.225841483;0.261036336;0.234543827;0.233072913;0.256244614;0.215245805;0.311094403;0.28293896;0.202127636;0.210230864;0.25063895;0.270140233;0.244454747;0.200375107;0.241173903;0.226301762;0.125427447;0.229209664;0.242265845;0.099267157;0.26924774;0.213134974;0.236051237;0.235825059;0.205216776;0.260026017;0.273708652;0.225125389;0.103385289;0.23421679;0.211761495;0.207926453;0.188858699;0.229764788;0.214554256;0.198583802;0.182475504;0.241027134;0.260780112;0.231504716;0.148982622;0.19639364;0.204835993;0.268117709;0.268795728;0.246745453;0.258399446;0.221677189;0.295988188;0.27167203;0.186450457;0.221108434;0.167913281;0.185625472;0.264216169;0.247261435;0.248328293;0.186450457;0.258625452;0.242966236;0.256365391;0.21432825;0.014746197;0.028432338;0.249811213;0.183884056;0.038598563;0;0.055107786;0.191353428;0.099440223;0.043689574;0.095697205;0.098886679;0.056578422
