    1.925038     1.520064     1.617484     1.016154     1.767907     1.869050     1.996350     2.481161     1.020578     1.384900     2.219817     1.210992     2.099427     1.262887     1.645398     1.621302     1.820632     1.436844     2.017425     1.524868     0.440699     3.055787     1.488419     1.972619     1.592450     1.958749     2.023695     1.633131     1.476033     0.969078     1.852077     1.995833     1.540109     1.215501     1.070472     1.927660     2.082868     2.063863     1.295533     2.888444     1.525918     1.961589     1.529930     1.624346     1.230515     1.859242     1.536852     1.617099     2.452966     1.722951     2.444118     2.138921     2.250283     1.101278     1.186665     1.277463     1.669778     2.288113     1.770808     1.505663     1.981841     1.843389     1.295390     1.661647     1.523125     1.108176     1.589226     1.536823     2.246491     1.251945     1.401004     2.167265     2.073389     1.525491     2.161695     1.627173     1.644310     1.791631     1.748781     2.142500     2.118111     2.237869     2.015025     1.441274     1.682391     1.330656     1.095764     1.531150     1.933883     1.298230     1.902700     1.546686     2.137488     1.492027     1.141387     1.515564     0.360143     2.270804     1.488140     1.694440     0.859232     0.860523     1.434934     2.139618     1.562064     1.884709     1.386765     1.085242     1.186295     2.116919     1.743749     1.326789     2.190371     0.959116     1.479886     1.515895     1.677498     1.671333     1.651022     2.055256     1.947179     2.705398     0.242705     0.669734     2.225120     1.682925     0.767390     0.550314     0.966937     1.300101     1.132371     0.566806     0.777667     1.165743     0.489890
    1.520064     1.729697     1.409304     1.021226     1.511237     1.570090     1.726750     2.109290     0.931900     1.385239     1.843291     1.127596     1.766782     1.160530     1.340326     1.555352     1.724938     1.280098     1.678693     1.365662     0.387427     2.522121     1.725134     1.595615     1.494220     1.573795     2.058778     1.759925     1.326929     0.827807     1.576296     1.909721     1.671930     1.101973     0.926461     1.478467     1.695164     1.975604     1.132549     2.308592     1.280285     1.531043     1.164684     1.449326     1.063392     1.699400     1.386584     1.474621     2.229032     1.493877     1.958876     1.665435     1.841577     1.022129     1.099672     1.144259     1.481652     1.850735     1.622499     1.443061     1.914834     1.504061     1.176422     1.482287     1.334902     1.009968     1.364233     1.270556     1.779701     1.159937     1.193594     1.729467     1.505909     1.354030     1.566692     1.450621     1.674241     1.637312     1.595956     2.150213     1.847374     1.802481     1.597175     1.268884     1.495600     1.138285     0.933879     1.480494     2.005160     1.055975     1.611146     1.340654     2.184177     1.214012     1.029516     1.322483     0.323795     1.687226     1.202218     1.672901     0.837196     0.821016     1.299498     1.711945     1.279915     1.700703     1.166080     0.957152     1.030480     1.814838     1.477913     1.178427     1.881587     1.029403     1.169954     1.318266     1.487055     1.614466     1.489161     1.916061     1.664648     2.226112     0.379477     0.587297     1.766089     1.530972     0.670283     0.678366     0.900411     1.121540     1.102168     0.546704     0.736294     1.039081     0.494438
    1.617484     1.409304     2.361105     0.934397     2.119194     2.210526     2.478640     3.010909     1.387119     1.555347     2.760120     1.582301     2.437924     1.727765     2.060115     1.935873     1.678361     1.969199     2.537807     2.032373     0.614972     3.581235     1.633329     2.514562     1.773316     2.542491     1.699428     1.182226     1.975899     1.207705     2.204270     2.372294     1.537864     1.721648     1.422768     2.433882     2.391541     1.960111     1.750009     3.664768     2.018090     2.526747     1.987821     2.189028     1.626294     2.414508     1.999915     2.013111     2.907832     2.166401     3.057287     2.689027     2.703547     1.438633     1.602035     1.680860     2.213964     2.772510     1.929707     1.961488     2.386664     2.439439     1.701561     2.135930     1.853550     1.507704     2.101298     2.017273     2.699435     1.727820     1.700399     2.747210     2.519055     1.819785     2.601200     2.058051     1.431225     2.254308     2.252411     1.853487     2.776185     2.739015     2.482516     1.885544     2.116959     1.791902     1.429210     1.748829     1.547836     1.624077     2.395493     1.936813     2.515851     1.914346     1.500673     1.886260     0.538467     2.592499     1.877790     2.050507     1.048321     1.068947     2.040870     2.711668     2.114438     2.353946     1.682902     1.495605     1.536018     2.588537     1.991662     1.792861     2.606053     1.009363     1.824508     1.912790     2.092429     2.175877     2.055179     2.588650     2.413354     3.251902     0.564994     0.558780     2.815227     2.021388     0.665192     0.809868     0.808209     1.699314     1.094482     0.491769     0.792110     1.379369     0.332394
    1.016154     1.021226     0.934397     0.890850     1.071910     1.142587     1.193341     1.440471     0.682216     1.094691     1.289702     0.784868     1.296292     0.871834     0.972232     0.980225     1.148114     0.964287     1.178250     0.892327     0.313559     1.755197     1.024812     1.161834     1.017331     1.103674     1.447275     1.173355     0.958774     0.559504     1.086837     1.210463     1.036486     0.713830     0.632816     1.059613     1.167129     1.302246     0.789911     1.649839     0.889264     1.072006     0.812535     0.956023     0.772912     1.099073     0.924959     0.999486     1.458483     1.052538     1.365691     1.201346     1.275289     0.787985     0.779616     0.793717     1.081988     1.294818     1.105707     1.032575     1.174206     1.036030     0.798834     1.021153     0.945791     0.716096     0.939053     0.914625     1.237048     0.772789     0.843735     1.240496     1.068171     1.004814     1.130658     1.002311     1.155921     1.120392     1.133053     1.499637     1.411599     1.252554     1.113899     0.928313     1.043420     0.893175     0.748936     0.871639     1.380871     0.752484     1.138913     0.957122     1.377128     0.817414     0.737731     0.917245     0.270206     1.183287     0.887186     0.992525     0.672002     0.625605     0.922073     1.208610     0.893481     1.110896     0.838111     0.741909     0.726108     1.285079     1.016523     0.878508     1.361611     0.633283     0.813828     0.942788     0.991721     1.109636     1.048763     1.225269     1.195979     1.522512     0.487339     0.506938     1.254230     1.025011     0.572449     0.707027     0.666593     0.744741     0.723817     0.414672     0.675014     0.950614     0.364281
    1.767907     1.511237     2.119194     1.071910     3.220077     3.155325     3.352332     3.221434     1.432560     1.849363     2.987032     1.756642     2.726015     1.937160     2.175975     1.839910     1.668954     2.167843     2.706952     1.920591     0.693836     3.925810     1.593499     2.577445     1.781529     2.424261     1.838152     1.408272     2.205929     1.316766     2.370977     2.386703     1.509752     1.573861     1.529148     2.570867     2.639121     1.950530     1.767361     3.764775     2.085226     2.431172     2.086914     2.660622     1.694013     3.017284     2.733085     2.882347     2.930651     2.237045     3.076816     2.704331     2.956525     1.704238     1.767390     1.831834     2.327210     3.011269     2.027570     2.237898     2.316754     2.445720     1.801595     2.259499     1.857566     1.550448     2.238412     2.017719     2.888136     1.821017     1.847107     2.689436     2.549794     1.980040     2.687278     2.240641     1.480073     2.522826     2.535054     1.989531     3.067096     2.973990     2.689765     1.990854     2.933227     1.937469     1.550502     1.636509     1.833744     2.036163     3.180526     2.641913     2.436269     1.876829     1.643772     2.748299     0.605475     2.700152     1.986099     2.031321     1.234160     1.232833     2.208383     2.666023     2.073584     2.353472     1.758926     1.674199     1.528264     2.876620     2.914273     2.072388     3.764815     0.899836     1.779085     2.023291     2.080885     2.267013     2.129300     2.502972     2.561159     3.556146     0.382923     0.666459     3.094377     2.851171     0.679784     0.632221     0.928912     1.667063     1.161142     0.539911     0.830351     1.317313     0.302924
    1.869050     1.570090     2.210526     1.142587     3.155325     3.411860     3.293702     3.544875     1.379009     1.845452     3.286929     1.738500     2.804608     1.906897     2.249216     1.902575     1.796528     2.102055     3.023131     1.984661     0.712211     4.315062     1.643275     2.705404     1.793449     2.540436     2.028331     1.543561     2.233472     1.366117     2.491591     2.429146     1.594983     1.571381     1.552679     2.706409     2.966189     2.068445     1.794363     3.920268     2.165039     2.553353     2.189970     2.646493     1.717899     2.972184     2.665224     2.819623     2.954639     2.138725     3.218815     2.839765     3.273443     1.686876     1.792811     1.843786     2.326009     3.318305     2.076130     2.310130     2.345506     2.545175     1.799852     2.281685     1.863210     1.527484     2.296098     2.063987     3.222879     1.850300     1.819348     2.811038     2.713549     2.052700     2.818001     2.256902     1.567805     2.549892     2.609686     2.193128     3.098457     3.295599     2.921743     1.960187     2.925937     1.900036     1.512742     1.710246     1.972168     2.100568     3.213584     2.632907     2.530747     1.987144     1.604010     2.725065     0.621920     2.825282     2.042271     2.031083     1.190497     1.265800     2.161930     2.782013     2.159097     2.338380     1.714598     1.663091     1.576252     2.856948     3.001138     2.057451     3.982134     0.967678     1.868511     1.996647     2.048029     2.340287     2.117220     2.548760     2.517114     3.918749     0.325162     0.696998     3.170556     2.883981     0.740831     0.681269     1.027132     1.708744     1.277436     0.550963     0.744501     1.255653     0.324536
    1.996350     1.726750     2.478640     1.193341     3.352332     3.293702     3.903325     3.743685     1.771934     2.136466     3.461490     2.107806     3.193762     2.362163     2.577580     2.173780     1.902651     2.611865     3.137812     2.276566     0.849646     4.533119     1.856705     3.037100     2.098479     2.934269     2.054219     1.507485     2.668511     1.550623     2.688861     2.867613     1.692524     1.906008     1.833440     2.953298     3.002486     2.252895     2.060511     4.616858     2.434572     2.958973     2.421984     3.111004     2.104470     3.562590     3.083472     3.221539     3.598109     2.775736     3.742837     3.306606     3.349874     2.009943     2.160849     2.234033     2.778450     3.456733     2.346090     2.730529     2.805572     2.879165     2.240214     2.776375     2.253559     1.970359     2.612163     2.453126     3.330967     2.235087     2.247377     3.279247     2.951808     2.341052     3.131786     2.682448     1.727104     2.995258     2.997212     2.255000     3.615641     3.404798     3.097870     2.373188     3.253745     2.323165     1.885844     1.999312     1.992418     2.236739     3.515958     2.974312     2.806085     2.222280     2.030057     3.019689     0.745417     3.097596     2.378980     2.459264     1.332843     1.501944     2.663657     3.269119     2.447100     2.875828     2.114376     2.020168     1.818614     3.406641     3.151849     2.437075     3.918890     1.011397     2.166323     2.476993     2.557159     2.619352     2.587287     2.904763     3.133289     4.070809     0.434254     0.639457     3.676562     3.089060     0.715069     0.699082     1.014879     1.909167     1.270252     0.566359     0.867812     1.427238     0.316693
    2.481161     2.109290     3.010909     1.440471     3.221434     3.544875     3.743685     5.398194     1.947271     2.318112     4.898762     2.179441     3.706859     2.442326     2.898085     2.636091     2.558644     2.732664     4.408706     2.734987     0.860039     6.243366     2.364605     3.586587     2.435772     3.505208     2.611213     1.894437     2.870285     1.736227     3.211749     3.313239     2.201944     2.175311     2.057105     3.662794     4.357330     2.851615     2.405727     5.381082     2.828415     3.461764     2.867807     3.210878     2.162592     3.606059     3.002518     3.022726     4.153635     3.033019     4.351762     3.797677     4.773844     2.105910     2.281723     2.381358     3.185849     4.842941     2.688014     3.112059     3.238111     3.380869     2.417787     2.983488     2.627731     2.059718     3.016419     2.846092     4.591205     2.363188     2.539842     3.839338     3.610912     2.722450     3.715292     2.903455     2.102238     3.218524     3.324983     2.835223     4.046639     4.827036     4.216649     2.698548     3.276787     2.472070     2.039214     2.449304     2.394420     2.435763     3.535937     2.895215     3.498663     2.722038     2.116922     2.848024     0.721201     3.772742     2.721523     2.802214     1.428606     1.639788     2.738524     3.914611     2.905337     3.260240     2.359324     2.043734     2.144908     3.861914     3.308127     2.472137     4.170999     1.395492     2.599900     2.791730     2.903480     3.038194     2.988205     3.395185     3.549291     5.603713     0.073898     0.889974     4.051853     3.267510     0.934743     0.605213     1.391450     2.306863     1.695586     0.809344     0.936942     1.553953     0.590425
    1.020578     0.931900     1.387119     0.682216     1.432560     1.379009     1.771934     1.947271     1.728388     1.308506     1.689019     1.608034     2.154933     1.745030     1.471974     1.615839     1.271738     1.966090     1.542768     1.509602     0.680978     2.378649     0.994922     2.098674     1.387227     1.995743     1.103494     0.692645     1.887445     1.223638     1.726117     2.021074     0.997830     1.443385     1.315759     1.473974     1.407949     1.447637     1.586260     2.700285     1.773116     1.844459     1.265824     1.944778     1.590902     1.904586     1.522833     1.540271     2.838114     2.270101     2.101805     1.803806     1.655490     1.482312     1.657074     1.656773     2.234447     1.663135     1.538238     1.926861     1.970127     1.522420     1.687104     2.057656     1.809767     1.568146     1.884533     1.752624     1.666540     1.544163     1.902720     1.851656     1.621508     1.255647     1.614613     2.009066     0.947705     2.195443     2.097148     1.217235     2.858187     1.628154     1.558912     2.040172     1.577684     1.932977     1.705592     1.443106     1.007532     1.018008     1.619941     1.369689     1.960783     1.177942     1.562592     1.343042     0.607190     1.570096     1.434409     1.704896     0.767026     1.021218     1.965026     1.826768     1.624907     2.181625     1.767507     1.606099     1.395240     2.650395     1.344083     1.535936     1.710190     0.796822     1.254146     2.052701     1.977428     1.777161     1.938669     2.113394     2.572416     2.048017     0.012081     0.241534     2.097241     1.405372     0.434780     0.150029     0.460022     0.944697     0.730586     0.362008     0.585218     0.958390     0.232205
    1.384900     1.385239     1.555347     1.094691     1.849363     1.845452     2.136466     2.318112     1.308506     2.365638     2.063641     1.451395     2.349001     1.506856     1.685892     1.525289     1.516561     1.709792     1.836059     1.505779     0.616657     2.841352     1.410647     2.051499     1.708023     1.909880     1.676867     1.379651     1.724144     1.089280     1.908898     2.010107     1.472372     1.370711     1.219783     1.762074     1.821243     1.697685     1.509300     2.860646     1.685504     1.708398     1.485571     1.882242     1.390070     2.028894     1.681508     1.765909     2.624616     1.930869     2.337103     1.960735     2.033450     1.453426     1.525831     1.460856     2.117873     2.047899     1.944404     1.861426     1.992423     1.797819     1.472798     1.869690     1.727551     1.357635     1.732780     1.606255     1.958600     1.431231     1.563053     2.122696     1.847779     2.164025     1.970160     1.834045     1.500283     2.045639     2.086819     1.765764     2.577645     2.016539     1.902708     1.723865     1.792204     1.688486     1.465927     1.349623     1.701924     1.246277     1.944993     1.677493     2.155086     1.389329     1.371052     1.621421     0.549005     1.881765     1.561763     1.699176     1.134117     1.025131     1.684857     2.078065     1.555013     2.172786     1.586234     1.457508     1.330899     2.390600     1.666395     1.633646     2.189258     0.869629     1.379897     1.820458     1.930659     1.887418     1.917181     2.064965     2.220771     2.505384     0.361238     0.589598     2.207153     1.667028     0.699180     0.565772     0.802874     1.274273     1.037142     0.457433     1.105268     1.493047     0.420030
    2.219817     1.843291     2.760120     1.289702     2.987032     3.286929     3.461490     4.898762     1.689019     2.063641     4.579720     1.903347     3.285063     2.180227     2.659078     2.265238     2.251774     2.450885     4.054374     2.478754     0.722078     5.729076     2.120809     3.261400     2.135919     3.121766     2.264229     1.607323     2.541400     1.517042     2.889543     2.849146     1.941197     1.925081     1.810073     3.381476     4.012398     2.543761     2.133850     4.892903     2.512423     3.122458     2.632321     2.885848     1.903926     3.255216     2.752444     2.775149     3.639053     2.654972     3.957121     3.467418     4.403243     1.839582     2.029839     2.092169     2.789041     4.485060     2.361846     2.756943     2.801173     3.077506     2.127924     2.629340     2.267010     1.817834     2.694503     2.553355     4.233367     2.096572     2.214722     3.485816     3.290442     2.452442     3.409422     2.573399     1.874379     2.843923     2.946159     2.434861     3.589227     4.461971     3.884927     2.346264     3.004229     2.184153     1.786949     2.107200     2.065032     2.261723     3.287193     2.664131     3.000529     2.495800     1.871129     2.629738     0.598956     3.441851     2.486724     2.432899     1.319184     1.439823     2.435237     3.563632     2.605201     2.865884     2.051522     1.829207     1.887348     3.393480     3.043995     2.240878     3.869779     1.189234     2.368024     2.421006     2.538138     2.624789     2.608970     2.968002     3.091721     5.124358     0.163170     0.794511     3.712369     2.996564     0.821193     0.621663     1.246384     2.051359     1.487311     0.680072     0.874663     1.436007     0.473789
    1.210992     1.127596     1.582301     0.784868     1.756642     1.738500     2.107806     2.179441     1.608034     1.451395     1.903347     2.115208     2.429416     2.129813     1.675949     1.801355     1.373675     2.374669     1.776899     1.583681     0.850020     2.702986     1.225017     2.312638     1.523794     2.118301     1.235530     0.878953     2.287905     1.380330     1.861439     2.194944     1.144733     1.539323     1.445964     1.673065     1.606288     1.614853     1.636014     2.961471     1.842725     2.028731     1.433862     2.396652     1.959950     2.327450     1.843021     1.811738     2.974075     2.295000     2.343171     2.019635     1.864198     1.802052     1.981070     1.949226     2.236607     1.875578     1.712216     2.307344     2.189074     1.773646     2.071095     2.477812     1.911543     1.907530     2.009739     1.803857     1.913450     1.916313     1.915608     2.145084     1.858227     1.375735     1.854503     2.506779     1.055332     2.708612     2.626977     1.402472     2.930442     1.872631     1.697010     2.103087     1.876204     1.989118     1.665014     1.580446     1.263523     1.157321     1.922354     1.607918     2.217981     1.277868     1.907525     1.605769     0.779733     1.847422     1.544312     1.874618     0.864398     1.182582     2.405273     2.029031     1.692477     2.360328     1.839535     1.808164     1.425401     2.755866     1.673888     1.909085     2.124352     0.835626     1.310975     2.099187     2.123329     2.156546     2.013382     2.321449     2.654377     2.310796    -0.184434     0.291482     2.313246     1.784641     0.436819     0.020660     0.592448     1.084832     0.788114     0.359617     0.531506     1.057636     0.202674
    2.099427     1.766782     2.437924     1.296292     2.726015     2.804608     3.193762     3.706859     2.154933     2.349001     3.285063     2.429416     4.303530     2.638053     2.746849     2.546711     2.328986     2.923833     2.952012     2.516889     0.984660     4.490967     1.892274     3.600142     2.592268     3.296345     2.145758     1.524426     2.938223     2.045466     3.265238     3.260347     1.917525     2.152825     2.209334     2.863896     2.828977     2.599960     2.503640     4.991316     2.944090     3.154852     2.501452     3.205124     2.449022     3.402007     2.712276     2.718163     4.295170     3.107573     3.951894     3.365377     3.194464     2.264473     2.480424     2.675259     3.377980     3.306172     2.814724     2.875519     3.169271     2.917642     2.639074     3.208479     2.891594     2.331331     3.085444     2.857060     3.145553     2.474910     2.628289     3.583929     3.055231     2.395614     3.119020     3.156506     1.924467     3.450340     3.510002     2.349390     4.107896     3.254523     2.994192     2.766315     2.904091     2.667620     2.236005     2.257038     2.068007     1.950098     3.015959     2.537799     3.210847     2.211798     2.308638     2.456882     0.871976     3.174456     2.633710     2.624435     1.469185     1.521312     2.955604     3.405772     2.712151     3.377052     2.572914     2.277686     2.292727     3.938829     2.603093     2.545533     3.297885     1.275495     2.377236     2.964167     3.101789     2.917112     3.064258     3.362815     3.651455     3.870916     0.237172     0.683716     3.616667     2.612655     0.846637     0.628274     1.203433     1.923276     1.450691     0.548168     1.026846     1.527956     0.462903
    1.262887     1.160530     1.727765     0.871834     1.937160     1.906897     2.362163     2.442326     1.745030     1.506856     2.180227     2.129813     2.638053     2.643812     1.806815     1.823308     1.428205     2.832344     2.016276     1.749627     1.002324     2.971939     1.260906     2.508815     1.571259     2.336186     1.229002     0.796073     2.473251     1.506912     1.991654     2.216143     1.110061     1.611147     1.617672     1.893427     1.783638     1.744327     1.769027     3.282072     1.982397     2.256713     1.606108     2.632837     2.261833     2.595772     2.096859     2.037008     3.078046     2.455628     2.541171     2.214125     2.082435     2.008441     2.118255     2.171974     2.391762     2.145521     1.719047     2.532618     2.287898     1.963788     2.325019     2.774071     2.060422     2.201953     2.153923     2.008351     2.127338     2.212787     2.027233     2.290412     1.978392     1.452781     1.999588     2.832847     1.016790     2.926123     2.819782     1.363186     3.246134     2.105015     1.900568     2.264276     2.111007     2.231395     1.860571     1.638462     1.202217     1.321599     2.159142     1.833522     2.312099     1.444706     2.196581     1.817924     0.924968     1.974129     1.674330     1.931906     0.888359     1.292032     2.770635     2.237886     1.895897     2.426632     1.957293     1.998745     1.540781     2.872737     1.867243     2.119751     2.346925     0.846761     1.397063     2.218722     2.245344     2.372286     2.192707     2.373405     2.791404     2.528880     0.215542     0.364337     2.597534     1.976081     0.511052     0.378874     0.656625     1.204079     0.732707     0.472409     0.549475     1.157248     0.250932
    1.645398     1.340326     2.060115     0.972232     2.175975     2.249216     2.577580     2.898085     1.471974     1.685892     2.659078     1.675949     2.746849     1.806815     2.319056     1.805903     1.628150     2.052833     2.445449     1.963795     0.674887     3.538134     1.438345     2.700597     1.830291     2.624555     1.602962     1.188178     2.073172     1.336876     2.287376     2.303319     1.365733     1.585477     1.515803     2.384067     2.330945     1.885601     1.806494     3.874019     2.101975     2.610419     2.017177     2.240605     1.701807     2.480871     2.059075     2.090024     2.967942     2.167377     3.234853     2.841974     2.588802     1.528381     1.722937     1.837160     2.332996     2.686313     1.990828     2.030563     2.217255     2.399493     1.783447     2.209331     1.911554     1.572298     2.237581     2.167441     2.634433     1.746807     1.792059     2.926915     2.519217     1.919678     2.651542     2.182426     1.414100     2.409662     2.471961     1.774662     2.901632     2.633612     2.452420     1.928494     2.187510     1.888051     1.516311     1.595484     1.586966     1.649694     2.442575     2.032328     2.260104     1.853929     1.593402     1.945088     0.594460     2.586817     2.140498     1.897770     1.089818     1.062087     2.062300     2.842101     2.162106     2.378908     1.767135     1.566142     1.694305     2.722223     2.043777     1.893339     2.626286     0.872140     1.977783     2.005915     2.121024     2.051956     2.088320     2.412750     2.526671     3.157094     0.295198     0.533366     2.934102     2.018803     0.661923     0.504960     0.874058     1.635809     1.037089     0.403540     0.720812     1.240467     0.315943
    1.621302     1.555352     1.935873     0.980225     1.839910     1.902575     2.173780     2.636091     1.615839     1.525289     2.265238     1.801355     2.546711     1.823308     1.805903     2.726969     2.096856     2.024385     2.105302     2.048610     0.745897     3.232294     1.693653     2.525303     2.029249     2.588364     1.911669     1.435949     2.155484     1.450997     2.287034     3.125925     1.649689     1.823700     1.527561     1.946427     2.049116     2.294757     1.834596     3.355764     2.134039     2.409310     1.665604     2.297481     1.719623     2.401245     1.871462     1.946845     3.436665     2.338963     2.757962     2.366225     2.269299     1.668730     1.723328     1.866229     2.391099     2.296910     2.213391     2.240558     3.078640     2.047067     1.835649     2.324352     2.291733     1.649138     2.219582     1.955363     2.262381     1.811393     1.869264     2.432551     2.142614     1.551064     2.096224     2.243676     1.646817     2.462977     2.396431     2.066087     3.045873     2.309024     2.041529     2.101619     2.005444     1.992610     1.665859     2.301394     1.829468     1.355187     2.061155     1.698879     3.120594     1.588176     1.723144     1.673633     0.659832     2.201298     1.758549     2.633472     0.978261     1.164956     2.095944     2.370830     2.067296     2.764386     1.838114     1.677665     1.599283     2.761666     1.774664     1.657338     2.306757     1.377083     1.652008     2.100492     2.485311     2.453784     2.416661     3.136187     2.595799     2.908746     0.081225     0.568114     2.587473     1.936298     0.790995     0.359659     0.937390     1.428872     1.230260     0.552448     0.902284     1.460942     0.566094
    1.820632     1.724938     1.678361     1.148114     1.668954     1.796528     1.902651     2.558644     1.271738     1.516561     2.251774     1.373675     2.328986     1.428205     1.628150     2.096856     2.647559     1.618583     2.001214     1.804639     0.533230     3.137278     1.766965     2.206708     1.840423     2.096996     2.497913     1.882639     1.747368     1.156120     2.150666     2.490301     1.850102     1.420341     1.211044     1.807725     2.138298     2.842562     1.442475     3.080924     1.693298     2.022239     1.429735     1.752708     1.289669     1.903197     1.533903     1.624254     2.824256     1.868775     2.456847     2.120876     2.259569     1.293211     1.342171     1.424809     1.918058     2.282284     1.990366     1.821539     2.430277     1.801401     1.465994     1.832659     1.773243     1.216581     1.769077     1.708053     2.209005     1.353872     1.480794     2.144275     2.025170     1.446138     2.023001     1.731918     1.977272     1.954747     1.966209     2.594932     2.526089     2.271703     1.998997     1.654446     1.710856     1.596610     1.348763     1.852409     2.248606     1.240363     1.823977     1.485182     2.835148     1.501276     1.268009     1.482633     0.434716     2.075202     1.572479     2.049814     0.971231     1.043758     1.587395     2.163400     1.668132     2.155516     1.501133     1.328230     1.359769     2.394908     1.616465     1.386259     2.149227     1.398104     1.536531     1.666001     1.914071     2.015338     1.900040     2.509932     2.096527     2.824347     0.274374     0.723967     2.143273     1.706731     0.855985     0.673382     1.025463     1.403363     1.130710     0.688985     0.901247     1.254842     0.625475
    1.436844     1.280098     1.969199     0.964287     2.167843     2.102055     2.611865     2.732664     1.966090     1.709792     2.450885     2.374669     2.923833     2.832344     2.052833     2.024385     1.618583     3.216884     2.235826     1.993085     1.109826     3.333317     1.409192     2.789938     1.795405     2.596762     1.263725     0.807246     2.746177     1.643661     2.224509     2.436272     1.280094     1.841837     1.789008     2.151459     1.991167     1.939948     1.988047     3.676551     2.205479     2.475768     1.796895     2.829461     2.445784     2.804425     2.320608     2.242533     3.456649     2.750731     2.857404     2.479553     2.341580     2.231302     2.316266     2.358541     2.694455     2.401977     1.998475     2.851829     2.513821     2.201921     2.555609     3.045302     2.296278     2.420878     2.419933     2.248912     2.376952     2.402695     2.274802     2.580427     2.231906     1.623490     2.259980     3.121947     1.108593     3.218758     3.092472     1.394085     3.581336     2.352382     2.136491     2.569657     2.329667     2.515395     2.055970     1.798210     1.264455     1.479279     2.406978     2.014916     2.582286     1.635118     2.410784     1.974610     1.021777     2.248369     1.929101     2.125129     1.049103     1.427013     3.095280     2.517678     2.136560     2.733941     2.213905     2.214855     1.744199     3.287807     2.058178     2.397274     2.579843     0.944928     1.596331     2.480251     2.516907     2.629973     2.419015     2.654211     3.134457     2.832852     0.175891     0.434862     2.866084     2.173173     0.630488     0.333977     0.786915     1.371084     0.866572     0.548325     0.727755     1.424388     0.330011
    2.017425     1.678693     2.537807     1.178250     2.706952     3.023131     3.137812     4.408706     1.542768     1.836059     4.054374     1.776899     2.952012     2.016276     2.445449     2.105302     2.001214     2.235826     3.787215     2.241463     0.689385     5.172480     1.903938     2.938784     1.951360     2.948153     2.118209     1.504317     2.329146     1.395890     2.551671     2.627896     1.747656     1.734455     1.681889     3.080429     3.629803     2.265024     1.953782     4.467413     2.324014     2.952176     2.393635     2.670189     1.823457     2.969555     2.482324     2.507552     3.220241     2.427134     3.641693     3.245270     3.985215     1.735986     1.884784     1.965080     2.503456     4.061305     2.139205     2.526286     2.569797     2.802535     1.993905     2.440162     2.069068     1.682577     2.416810     2.324713     3.894904     1.968431     2.040540     3.206218     3.027916     2.232970     3.134258     2.399139     1.674890     2.641309     2.742201     2.314382     3.317600     4.036448     3.510530     2.146038     2.711294     2.029957     1.643641     1.972813     1.903709     2.069251     2.986366     2.431673     2.831718     2.273327     1.737075     2.411144     0.581153     3.128342     2.254866     2.239664     1.174086     1.366565     2.263623     3.260444     2.439173     2.555915     1.901999     1.664530     1.729492     3.049605     2.800577     2.021620     3.560400     1.108162     2.153213     2.244866     2.265824     2.455696     2.350526     2.724647     2.840609     4.645852     0.296621     0.766576     3.423498     2.726291     0.820669     0.748141     1.108678     1.894695     1.342929     0.685761     0.700928     1.285724     0.473341
    1.524868     1.365662     2.032373     0.892327     1.920591     1.984661     2.276566     2.734987     1.509602     1.505779     2.478754     1.583681     2.516889     1.749627     1.963795     2.048610     1.804639     1.993085     2.241463     2.148095     0.649539     3.325106     1.574733     2.545552     1.807507     2.545504     1.581439     1.086103     1.986950     1.327995     2.207479     2.476038     1.478544     1.674832     1.472118     2.116387     2.148589     2.092469     1.785152     3.540336     2.058936     2.443736     1.824667     2.174229     1.609351     2.325295     1.909608     1.912790     3.067794     2.128992     2.945261     2.549704     2.391922     1.460265     1.613322     1.727708     2.299297     2.450118     1.981586     1.996144     2.487263     2.223957     1.706568     2.110098     1.980360     1.521090     2.147535     2.039106     2.403827     1.709631     1.719615     2.594566     2.291694     1.661168     2.330112     2.085372     1.433232     2.301528     2.257680     1.695518     2.839029     2.423973     2.231131     1.923130     2.000489     1.895047     1.511316     1.793979     1.464077     1.470262     2.191053     1.786353     2.585989     1.742668     1.554042     1.719819     0.568738     2.317122     1.901684     2.113698     0.969694     1.056159     1.988197     2.557035     2.091855     2.434076     1.707651     1.552988     1.606431     2.691015     1.810903     1.711163     2.342964     1.104810     1.764968     1.915727     2.163835     2.162507     2.124846     2.628342     2.423780     2.959305     0.294759     0.443712     2.677168     1.872723     0.621199     0.491040     0.818159     1.526208     1.035394     0.434499     0.786849     1.324465     0.343223
    0.440699     0.387427     0.614972     0.313559     0.693836     0.712211     0.849646     0.860039     0.680978     0.616657     0.722078     0.850020     0.984660     1.002324     0.674887     0.745897     0.533230     1.109826     0.689385     0.649539     0.828417     1.068862     0.454529     0.933201     0.573291     0.898790     0.422452     0.271676     1.154826     0.595597     0.717905     0.883903     0.408302     0.653478     0.593865     0.650313     0.617412     0.617415     0.695845     1.185316     0.718641     0.824890     0.586526     0.993739     0.891738     0.962648     0.762374     0.744313     1.205665     0.947131     0.900136     0.798941     0.713538     0.838079     0.762545     0.826638     0.949497     0.744687     0.678607     1.011342     0.897755     0.698829     0.892197     1.039533     0.818814     0.878596     0.823595     0.743120     0.724382     0.866456     0.826644     0.811188     0.746647     0.563410     0.714497     1.091795     0.343162     1.101412     1.102990     0.501743     1.248912     0.731099     0.679239     0.933773     0.802819     0.868265     0.728683     0.611947     0.410169     0.454072     0.783607     0.652352     0.960512     0.495357     0.890677     0.662993     0.789764     0.738318     0.620516     0.731000     0.299655     0.497560     1.087557     0.790936     0.671222     1.006559     0.760060     0.792493     0.605218     1.117441     0.638470     0.960719     0.855328     0.350035     0.471931     0.912630     0.930402     1.483037     0.835037     0.966668     1.126249     0.907820     0.114520     0.094228     0.982291     0.729950     0.225263     0.159168     0.250702     0.418614     0.261332     0.217731     0.258118     0.561042     0.110897
    3.055787     2.522121     3.581235     1.755197     3.925810     4.315062     4.533119     6.243366     2.378649     2.841352     5.729076     2.702986     4.490967     2.971939     3.538134     3.232294     3.137278     3.333317     5.172480     3.325106     1.068862     7.562852     2.776588     4.422811     3.000647     4.254184     3.156204     2.391639     3.494557     2.167441     3.868884     4.021386     2.613702     2.614715     2.502049     4.334208     5.236899     3.510093     2.912344     6.485915     3.456095     4.170011     3.399888     3.935155     2.688534     4.349263     3.638691     3.702323     5.166760     3.672884     5.310258     4.613845     5.690694     2.552704     2.824872     2.893618     3.827405     5.784922     3.333504     3.709921     3.911493     4.004094     2.962926     3.663062     3.153127     2.537682     3.648401     3.380394     5.479645     2.904161     3.101173     4.615724     4.384320     3.273158     4.490146     3.617125     2.619648     3.976558     4.048383     3.402117     4.975271     5.740307     5.014197     3.265979     3.958350     3.040295     2.534128     2.950633     2.999481     2.962076     4.291503     3.515111     4.220990     3.236054     2.600208     3.468219     0.900088     4.524224     3.303535     3.380699     1.726124     1.975246     3.334579     4.698352     3.513639     3.957115     2.883845     2.516052     2.568970     4.638691     4.004925     3.057224     5.119121     1.682915     3.135393     3.372500     3.463967     3.637500     3.561231     4.139863     4.283000     6.712833     0.368701     1.059989     4.908681     3.964883     1.199115     0.972510     1.682547     2.700746     2.035656     1.010646     1.266857     2.068515     0.705172
