    2.777072     1.916531     2.146683     1.232578     2.024334     2.212454     2.048656     3.016041     1.291995     1.345077     2.903992     1.227014     1.679281     1.151242     1.841681     1.650484     2.170347     0.948056     2.910552     1.723471     0.374240     2.958171     1.886976     1.871921     1.874620     1.684329     2.229850     2.359157     1.244840     1.778546     1.763505     1.822963     1.804287     1.325726     2.466236     2.991767     2.149461     1.562308     2.270523     1.678328     2.015802     2.099693     1.622954     1.099378     1.623112     1.720975     1.896831     1.733765     1.608014     2.293117     2.255714     3.043368     1.245723     1.411590     1.426056     1.618981     2.966136     2.012608     1.178058     1.931873     2.306129     1.321327     1.476359     1.949132     1.153810     1.592945     1.729150     2.890911     1.201254     1.623829     2.249892     2.512078     1.928135     2.452090     1.247348     1.858244     1.375732     1.571342     2.254919     1.368622     3.057456     2.974126     1.208005     1.925460     1.002061     1.382562     2.093043     2.427820     2.222746     2.251780     1.987790     1.859084     2.340708     1.107883     1.969177     0.366060     2.597840     1.897125     1.959997     0.688040     0.975140     1.295952     2.461493     1.753826     1.890282     1.541129     0.867912     1.482539     1.714486     2.156733     1.277305     2.051908     1.804312     2.063541     1.560663     2.013267     0.691308     2.063181     1.802566     1.530279     3.026165    -0.185963     0.411706     1.812446     2.028766     0.322866    -0.075929     0.867176     1.445351     1.249351     0.243648     0.546712     0.383966     0.574359
    1.916531     2.383973     1.694537     1.150051     1.509296     1.531001     1.629940     2.326743     1.082440     1.281660     2.248472     1.065119     1.213648     1.000502     1.396016     1.535182     1.896013     0.830133     2.240031     1.418891     0.246221     2.185056     2.235833     1.324048     1.627224     1.078879     2.272478     2.478092     0.959613     1.303707     1.629379     1.999278     1.490653     0.973309     1.650949     2.161834     1.900791     1.219877     1.631551     1.308375     1.392239     1.362381     1.219850     0.848913     1.350316     1.464086     1.552569     1.469599     1.320273     1.533133     1.506939     2.243281     1.010276     1.191687     1.018551     1.271261     2.130318     1.683762     0.937634     1.679454     1.719995     1.044069     1.152428     1.496619     0.883386     1.221497     1.255753     2.035405     1.003757     1.228195     1.591177     1.612739     1.553213     1.554003     0.939236     1.849263     1.117781     1.270090     2.315815     1.083291     2.246839     2.128106     0.930268     1.512056     0.781658     1.093290     1.889925     2.479102     1.556889     1.719885     1.609104     1.807522     1.662511     0.875802     1.522117     0.235533     1.632393     1.409633     1.729983     0.599968     0.882180     1.092225     1.773099     1.270224     1.453818     1.192393     0.656653     1.174213     1.291023     1.707680     0.960739     1.496170     1.773792     1.402628     1.216098     1.511877     0.689353     1.607025     1.612206     1.175778     2.141111    -0.060849     0.285097     1.329466     1.672478     0.306189     0.126759     0.764273     1.145101     1.076570     0.213461     0.465566     0.351029     0.391169
    2.146683     1.694537     3.329801     0.943874     2.664829     2.724109     2.746064     3.887728     2.012492     1.440367     3.815710     1.801852     2.027380     1.791389     2.651222     2.144199     1.880908     1.644123     3.835905     2.544644     0.635134     3.738398     1.987455     2.617169     2.102801     2.422244     1.578563     1.696024     1.807698     2.271540     2.299888     1.749189     2.826000     1.910921     3.334164     3.661817     1.896959     2.356363     3.133255     2.501522     2.920576     3.009473     2.387938     1.659522     2.431185     2.532769     2.604226     2.160333     2.285036     3.095927     2.988463     3.929032     1.739965     2.117385     2.054674     2.363781     3.789306     2.201666     1.672878     2.393873     3.226008     1.898542     2.097083     2.514284     1.736012     2.364549     2.430139     3.665078     1.838172     2.200615     3.122879     3.276898     2.413517     3.116132     1.705650     1.433844     1.951737     2.314416     1.542673     2.107150     4.015277     3.933081     1.850038     2.642850     1.740519     2.072207     2.422890     1.722063     3.016266     3.033209     2.655137     2.124901     3.089200     1.636746     2.704918     0.630711     3.066555     2.692504     2.411040     0.924198     1.439415     2.077626     3.286476     2.579337     2.537727     2.036501     1.417705     2.154926     2.295059     2.724039     1.816668     2.528448     2.082209     2.709556     2.159675     2.702665     1.060332     2.737162     2.358836     2.195898     3.796575     0.179198    -0.059836     2.645482     2.613881     0.063266     0.062524     0.454878     2.009791     1.148111    -0.068309     0.462844     0.387220     0.213822
    1.232578     1.150051     0.943874     1.279974     0.983885     1.128299     1.018677     1.529267     0.762574     0.989831     1.462013     0.695672     0.869464     0.717106     0.958052     0.834901     1.195869     0.588824     1.410677     0.827714     0.174173     1.473121     1.129935     0.893553     0.982886     0.724803     1.514388     1.505905     0.648249     0.817924     0.909024     1.064965     0.774299     0.617700     1.144222     1.514087     1.154494     0.850857     1.079137     0.834311     0.879090     0.903063     0.692345     0.622604     0.772501     0.859254     1.051465     0.901148     0.808323     1.059783     1.018387     1.465901     0.679352     0.808602     0.692405     0.834892     1.454803     1.049207     0.645359     0.936423     0.999873     0.712670     0.716322     1.028768     0.586465     0.769773     0.868159     1.342679     0.631400     0.811338     1.011429     1.085798     1.095386     1.062757     0.576479     1.171362     0.725438     0.824244     1.503357     0.820362     1.483601     1.453788     0.666630     1.016384     0.618764     0.778744     1.028213     1.558332     1.119784     1.148555     1.088606     0.937173     1.065985     0.594758     0.982507     0.157139     1.098780     0.966432     0.944503     0.559809     0.645181     0.644316     1.147347     0.748351     0.875648     0.765013     0.562991     0.748651     0.940338     1.119750     0.755473     1.038945     1.023287     0.917529     0.739777     0.967076     0.364778     1.072582     0.851211     0.753402     1.521281     0.268195     0.157004     0.818741     1.018113     0.260057     0.399695     0.424343     0.575961     0.556954     0.081016     0.370725     0.290832     0.165999
    2.024334     1.509296     2.664829     0.983885     3.938844     3.785350     3.655411     3.775835     1.777243     1.672714     3.783876     1.832427     1.962874     1.954265     2.474328     1.736982     1.511118     1.676746     3.731577     2.024909     0.731077     3.709660     1.612350     2.342225     1.863219     1.977378     1.607585     1.716329     1.937139     2.124723     1.936478     1.365666     2.247221     1.884457     3.114693     3.622069     1.552351     2.164701     2.778993     2.319069     2.462768     2.887776     2.759318     1.682105     3.002122     3.279378     3.641406     1.908025     2.119615     2.717234     2.682248     3.816881     1.903899     2.148452     2.090833     2.158966     3.633485     2.024137     1.755359     1.911835     2.935074     1.811947     2.090982     2.183921     1.634558     2.257345     2.157716     3.607239     1.905134     2.139404     2.718040     3.011294     2.358869     2.867793     1.714965     1.277018     2.008166     2.408363     1.530029     2.159792     3.908139     3.729859     1.700053     3.547014     1.688449     2.043177     1.884578     1.778924     3.541413     3.889469     3.475098     1.731436     2.725705     1.675850     3.721461     0.709036     2.848845     2.483508     2.012918     1.065155     1.461106     2.163616     2.918456     2.200104     2.162314     1.891086     1.477565     1.932993     2.166888     3.793861     2.026739     3.745117     1.608370     2.346267     2.093053     2.334417     0.994385     2.509404     1.901759     2.022515     3.739196    -0.031188     0.037534     2.668006     3.596763    -0.018380    -0.125805     0.484102     1.656325     0.996040     0.013387     0.455624     0.269450     0.151315
    2.212454     1.531001     2.724109     1.128299     3.785350     4.191910     3.513784     4.256244     1.723191     1.629145     4.219411     1.826297     1.958834     1.811122     2.530510     1.787640     1.786102     1.498661     4.207280     2.099183     0.647564     4.240750     1.730015     2.432412     1.823387     2.051164     1.791812     1.818424     1.903804     2.260432     1.906248     1.433293     2.193416     1.853095     3.359850     4.220649     1.795125     2.128849     2.838844     2.320153     2.573556     2.945022     2.667050     1.590994     2.852141     3.137777     3.500749     1.843497     1.889861     2.874244     2.805641     4.338056     1.881290     2.118098     1.983318     2.061778     4.169970     2.012160     1.830171     1.892728     2.962031     1.693449     1.914006     2.100950     1.495890     2.240396     2.132504     4.123329     1.878631     1.960651     2.815717     3.201025     2.412899     3.047110     1.538136     1.474990     1.906174     2.334544     1.772748     2.049889     4.433628     4.092151     1.581362     3.438980     1.601381     1.913420     2.013353     1.914052     3.595087     3.836021     3.400629     1.821223     2.829190     1.571454     3.640461     0.625459     3.002279     2.506417     2.011322     0.980589     1.517991     1.955113     3.009719     2.275774     2.063844     1.744332     1.434963     1.911511     2.108388     3.890869     1.918730     4.044374     1.762708     2.458728     1.936065     2.232571     0.967692     2.470205     1.900412     1.862770     4.270498    -0.248709     0.111442     2.698543     3.643471     0.022933    -0.220764     0.608713     1.714987     1.047170    -0.025781     0.343955     0.106006     0.210927
    2.048656     1.629940     2.746064     1.018677     3.655411     3.513784     3.819169     3.912563     1.965905     1.711636     3.870032     2.025603     2.124721     2.215639     2.610190     1.894410     1.574747     1.901583     3.830452     2.109494     0.754670     3.818469     1.752057     2.465360     1.976979     2.091330     1.481248     1.617367     2.066371     2.129048     2.102779     1.403517     2.409944     2.077676     3.254190     3.734887     1.604085     2.208798     2.999033     2.377357     2.630555     3.005471     2.921260     1.861624     3.120422     3.341731     3.620921     2.114171     2.341608     2.892422     2.852796     3.922340     1.966051     2.402319     2.333424     2.220707     3.794745     2.085346     1.924687     2.157245     3.017217     2.108167     2.354755     2.398974     1.895336     2.350442     2.320242     3.720868     2.087143     2.283268     2.851413     3.116575     2.468103     2.940717     1.958601     1.327702     2.204555     2.608893     1.453836     2.291159     4.038815     3.846339     1.826727     3.560128     1.800540     2.240302     2.136628     1.678589     3.449771     3.819256     3.514272     1.813120     2.846560     1.966445     3.678934     0.731975     2.899976     2.602303     2.281340     0.977332     1.628417     2.382821     3.076437     2.321523     2.311090     2.006694     1.616714     2.027357     2.294549     3.732127     2.105537     3.432281     1.690560     2.463147     2.287612     2.507320     1.014908     2.699933     2.013767     2.214180     3.855603    -0.100926    -0.111389     2.822263     3.555395    -0.095320    -0.198270     0.466050     1.597714     0.933816    -0.108378     0.270715     0.075448     0.081637
    3.016041     2.326743     3.887728     1.529267     3.775835     4.256244     3.912563     6.666520     2.531996     2.072558     6.414062     2.260786     2.741893     2.415230     3.503185     2.571425     2.591957     2.078188     6.349570     2.993592     0.817877     6.371025     2.727284     3.444432     2.589967     2.949425     2.318417     2.295510     2.413176     2.999577     2.769340     2.198078     3.095414     2.502262     4.747553     6.325022     2.473538     2.999230     4.151492     3.148083     3.678008     4.012371     3.262551     2.048254     3.351629     3.492121     3.679728     2.679174     2.919417     3.980839     3.848584     6.673366     2.386566     2.837823     2.575471     2.958429     6.393307     2.759933     2.544766     2.734788     4.137316     2.376759     2.543943     3.107036     2.114738     3.094575     3.140907     6.052356     2.339590     2.916924     3.963616     4.415605     3.379419     4.188328     2.167891     1.986831     2.438575     3.073943     2.381578     2.743225     6.774838     6.300711     2.299888     3.838271     2.044968     2.701890     3.027322     2.436675     4.138413     4.242322     3.807645     2.578096     4.088799     2.218955     3.807698     0.811232     4.173817     3.569793     2.931173     1.194006     2.029908     2.491582     4.306561     3.200734     3.009972     2.505679     1.782515     2.736745     2.977745     4.281349     2.396572     3.993678     2.618164     3.521039     2.867029     3.274425     1.301138     3.541211     2.671278     2.934217     6.346688    -0.475879     0.227541     3.532945     4.101132     0.199480    -0.376921     1.003102     2.462914     1.557160     0.111861     0.522696     0.331989     0.502165
    1.291995     1.082440     2.012492     0.762574     1.777243     1.723191     1.965905     2.531996     2.911611     1.341690     2.467758     2.253093     2.024360     2.261723     1.991212     2.017012     1.506009     2.104067     2.476404     1.950553     0.820364     2.439330     1.185891     2.516188     1.643086     1.999831     1.062176     0.967125     2.075295     1.880856     2.108038     1.098001     2.430679     1.970035     2.076625     2.282585     1.378220     2.366254     2.374486     2.428818     2.276210     2.024547     2.339363     1.912473     2.070116     1.940343     2.006867     2.485864     2.762795     2.141749     1.951857     2.452166     1.961406     2.555136     2.288838     2.681780     2.326998     1.804703     1.987053     2.143451     2.088638     2.139635     2.364375     2.591598     2.088971     2.376474     2.417922     2.357443     1.986770     2.760038     2.153576     2.215776     1.762957     2.025185     2.093836     0.934034     2.316368     2.491185     1.058351     2.754915     2.489445     2.499507     2.419400     2.097765     2.342458     2.739042     2.146799     0.969078     1.929046     2.090353     1.924543     1.728655     1.948852     2.153827     1.988653     0.823425     1.914479     2.163147     2.138526     0.659299     1.509171     2.336380     2.211714     2.099966     2.599472     2.396630     1.898629     2.132892     2.757863     1.888690     1.759615     1.595468     1.780407     2.052038     2.711051     2.769530     1.053439     2.740112     2.133297     2.839601     2.472967    -0.634774    -0.368978     2.069761     1.932163    -0.135162    -0.766256     0.125932     1.021682     0.643289    -0.131822     0.225328     0.229286     0.051757
    1.345077     1.281660     1.440367     0.989831     1.672714     1.629145     1.711636     2.072558     1.341690     2.574750     2.008992     1.183891     1.478027     1.108427     1.460054     1.136816     1.210297     1.055387     1.857258     1.251144     0.436003     2.033412     1.285863     1.476035     1.534397     1.095744     1.225433     1.444856     1.170624     1.324557     1.317350     1.227052     1.504293     1.142886     1.539065     1.830707     1.110910     1.492810     1.615398     1.473836     1.251262     1.595599     1.417193     0.982687     1.377283     1.565716     1.638078     1.406735     1.488125     1.525953     1.401234     2.014577     1.230365     1.496359     1.211640     1.648891     1.930921     1.697150     1.149825     1.391116     1.626396     1.186410     1.325254     1.685018     1.068124     1.304183     1.357703     1.724245     1.062758     1.451108     1.566547     1.664039     2.569117     1.607656     1.064602     1.175193     1.236620     1.623813     1.252021     1.559621     2.051429     2.113814     1.212822     1.651776     1.183324     1.517495     1.270456     1.492698     1.562545     1.777670     1.676217     1.189327     1.501505     1.066721     1.656201     0.419420     1.546533     1.471761     1.377305     0.901534     0.933592     1.263599     1.688925     1.234302     1.732369     1.405914     1.120766     1.280538     1.559914     1.600003     1.280184     1.522694     1.223797     1.403556     1.630102     1.853502     0.634136     1.806033     1.388784     1.428633     2.022172    -0.183435     0.052827     1.365676     1.555273     0.145669    -0.215996     0.320604     0.945651     0.694230    -0.100143     0.759639     0.549470     0.066968
    2.903992     2.248472     3.815710     1.462013     3.783876     4.219411     3.870032     6.414062     2.467758     2.008992     6.311837     2.220044     2.671314     2.356331     3.441036     2.460690     2.448790     2.028857     6.176412     2.964105     0.780222     6.185067     2.654020     3.389263     2.494760     2.905315     2.255117     2.198801     2.351163     2.965586     2.680985     2.157855     3.054332     2.484984     4.672637     6.099755     2.368878     2.931516     4.070706     3.104851     3.636214     3.968411     3.220310     2.024327     3.339363     3.488203     3.667624     2.628060     2.846485     3.918010     3.786551     6.455762     2.282919     2.781061     2.512743     2.894035     6.195017     2.663513     2.444385     2.607121     4.065557     2.293490     2.479581     3.020265     2.039572     3.034913     3.088229     5.888278     2.303168     2.829849     3.878497     4.355466     3.306413     4.130966     2.091583     1.958551     2.388854     3.014662     2.296885     2.673780     6.566256     6.090869     2.233934     3.802901     1.999355     2.608627     2.877401     2.344786     4.092178     4.215769     3.728033     2.476003     3.977619     2.153259     3.792008     0.772428     4.098612     3.521539     2.831113     1.155560     1.976913     2.445316     4.229714     3.150475     2.935261     2.426605     1.749804     2.701847     2.885959     4.218841     2.330759     3.974667     2.530901     3.437054     2.786335     3.180278     1.242576     3.422129     2.596272     2.859073     6.127139    -0.479272     0.177257     3.534670     4.054874     0.145519    -0.403179     0.933007     2.402815     1.459198     0.091191     0.533257     0.308002     0.440534
    1.227014     1.065119     1.801852     0.695672     1.832427     1.826297     2.025603     2.260786     2.253093     1.183891     2.220044     2.573263     1.797988     2.302112     1.768760     1.876183     1.300281     2.157301     2.296194     1.640396     0.873482     2.197718     1.206647     2.219843     1.505592     1.650772     0.918851     1.003474     2.152273     1.556340     1.893451     0.923119     2.138376     1.861046     1.918331     2.045404     1.212099     1.990171     2.066175     2.025280     1.958732     1.847544     2.487586     2.022179     2.094301     1.982638     2.052927     2.132193     2.290951     1.946585     1.771164     2.230085     2.065790     2.564196     2.262426     2.145571     2.105778     1.660804     2.057250     1.998082     1.844044     2.325172     2.430431     2.251030     2.204264     2.065343     2.012761     2.198041     2.117039     2.348752     1.993884     2.012583     1.482935     1.852829     2.245629     0.829729     2.425933     2.618226     0.921456     2.279771     2.253894     2.182424     1.976802     2.065614     2.009453     2.275325     2.024464     0.992768     1.843174     2.066684     1.921161     1.662326     1.709756     2.206828     1.985866     0.861437     1.744929     1.866464     1.960926     0.576389     1.478873     2.453516     2.006093     1.788385     2.329158     2.073596     1.821499     1.804379     2.327681     1.943564     1.857263     1.711764     1.523600     1.685426     2.294408     2.416132     1.067077     2.393248     1.872239     2.395539     2.188160    -0.694255    -0.298860     1.877726     2.033818    -0.142098    -0.853389     0.111645     0.892763     0.549304    -0.221566     0.199698     0.221451     0.024696
    1.679281     1.213648     2.027380     0.869464     1.962874     1.958834     2.124721     2.741893     2.024360     1.478027     2.671314     1.797988     2.416420     1.806343     2.158781     1.819802     1.522390     1.650048     2.632690     1.867339     0.688385     2.679777     1.335192     2.353718     1.970342     1.962574     1.189985     1.245321     1.751167     2.077756     1.975513     1.223823     2.048415     1.964625     2.319455     2.526088     1.425669     2.210039     2.532783     2.294600     2.232175     2.290398     2.231738     1.699457     2.104276     2.077242     2.137296     2.079244     2.051790     2.400053     2.254291     2.671557     1.691969     2.086680     2.096244     2.262936     2.648947     2.072794     1.610070     1.894253     2.241262     1.921960     2.070372     2.438447     1.773331     2.225556     2.254174     2.584256     1.727299     2.107231     2.440144     2.389534     2.017844     2.237909     1.815968     1.222827     1.972519     2.352079     1.207874     2.045022     2.801043     2.769001     1.734927     2.213362     1.693530     2.034056     1.914171     1.331232     2.175178     2.213250     2.108227     1.624637     2.106217     1.695212     2.089103     0.673379     2.192057     2.317244     1.905785     0.800251     1.242896     1.954044     2.454597     2.072271     2.371393     1.913618     1.442008     2.066471     2.209842     2.058449     1.679435     1.755792     1.590144     2.213409     2.145590     2.529443     0.892134     2.528887     1.904163     2.096249     2.638192    -0.220002    -0.019997     2.103753     2.053233     0.071982    -0.343158     0.462202     1.284390     0.811586    -0.123019     0.429978     0.269369     0.166993
    1.151242     1.000502     1.791389     0.717106     1.954265     1.811122     2.215639     2.415230     2.261723     1.108427     2.356331     2.302112     1.806343     2.928409     1.746697     1.665115     1.223859     2.596166     2.401978     1.668089     1.011953     2.284639     1.123680     2.179457     1.374786     1.748800     0.715389     0.730244     2.203327     1.538553     1.782642     0.748802     2.055895     1.888439     1.968021     2.146492     1.226218     2.004282     2.132002     2.076570     2.073278     1.913256     2.602642     2.314434     2.265879     2.177225     2.187140     2.005440     2.367915     1.884934     1.753705     2.321931     2.203176     2.547923     2.420194     2.157286     2.220314     1.487174     2.162725     1.869531     1.951947     2.448136     2.684771     2.276765     2.506505     2.055770     2.060017     2.220373     2.341258     2.286674     1.915871     1.993085     1.446297     1.842170     2.475907     0.681181     2.463636     2.721939     0.675237     2.385488     2.344484     2.335232     2.055617     2.246343     2.071232     2.400823     1.874315     0.761629     1.980763     2.179521     2.069240     1.454474     1.766187     2.475986     2.114316     1.003737     1.693653     1.906985     1.869961     0.509682     1.558911     2.799194     2.066091     1.831367     2.169731     2.049501     1.902296     1.808853     2.301228     2.120614     2.009806     1.704310     1.372199     1.550483     2.257901     2.385900     1.123389     2.428825     1.713149     2.348980     2.266577    -0.187163    -0.341330     1.968884     2.095344    -0.080215    -0.310364     0.127056     0.914714     0.344671    -0.105523     0.109847     0.240902     0.034802
    1.841681     1.396016     2.651222     0.958052     2.474328     2.530510     2.610190     3.503185     1.991212     1.460054     3.441036     1.768760     2.158781     1.746697     2.942396     1.760145     1.540690     1.618942     3.438570     2.247042     0.647608     3.361727     1.527930     2.673921     1.959253     2.357702     1.300958     1.389572     1.739602     2.153962     1.964467     1.309368     2.311717     1.903984     3.002267     3.253304     1.510064     2.349980     3.106365     2.456142     2.817817     2.842011     2.322587     1.673143     2.313713     2.362504     2.485025     2.005049     2.079635     3.091811     2.983023     3.434438     1.672170     2.139660     2.043027     2.247980     3.403940     2.073439     1.548345     1.925985     2.917943     1.837707     1.993659     2.357369     1.658793     2.387102     2.603609     3.348883     1.757132     2.083030     3.113723     3.055160     2.371773     2.955994     1.650768     1.204355     1.900560     2.311407     1.347839     2.037932     3.587031     3.564217     1.651812     2.505926     1.710182     2.002209     1.942091     1.436898     2.850739     2.857425     2.599786     1.601582     2.678445     1.660097     2.519135     0.638723     2.763683     2.881495     1.989071     0.982394     1.293786     1.930524     3.254068     2.469932     2.289672     1.904616     1.422236     2.291694     2.210901     2.535540     1.769193     2.293881     1.646847     2.807346     2.108132     2.432404     0.887073     2.454299     1.953032     2.059593     3.440209    -0.155480    -0.024558     2.591359     2.388818     0.075353    -0.279653     0.461014     1.785397     0.926095    -0.165349     0.400906     0.320215     0.162415
    1.650484     1.535182     2.144199     0.834901     1.736982     1.787640     1.894410     2.571425     2.017012     1.136816     2.460690     1.876183     1.819802     1.665115     1.760145     2.839776     2.030638     1.451309     2.467474     2.044560     0.581013     2.466331     1.728933     2.193448     2.047318     1.930567     1.545238     1.632670     1.678745     1.832868     2.831900     1.536519     2.346970     1.727151     2.050855     2.396935     1.836538     2.127027     2.213554     2.191662     2.223042     1.903748     2.105798     1.540519     1.987010     1.829217     1.933794     2.313743     2.137039     2.145600     1.977948     2.480889     1.695410     2.032156     1.932468     2.147860     2.402512     2.126848     1.710538     2.767945     2.124193     1.755899     1.966415     2.617426     1.673448     2.073684     1.973715     2.361370     1.747219     2.048766     2.160254     2.158379     1.592611     1.925807     1.634476     1.434684     1.886203     2.077958     1.614342     2.065542     2.591817     2.495665     1.757266     1.965254     1.696335     2.050179     2.837800     1.661435     1.966618     1.969195     1.894894     2.426092     2.057430     1.736649     1.850001     0.574009     1.927240     1.944388     2.699768     0.662408     1.252679     1.860774     2.222582     2.032506     2.570549     1.923691     1.477056     1.785535     2.074433     1.910457     1.328677     1.626571     2.310107     1.911967     2.104486     2.690161     1.161613     2.750275     2.550404     2.046057     2.580447    -0.508554     0.072108     1.922503     1.987603     0.223096    -0.496164     0.586712     1.203419     1.037445     0.040995     0.460137     0.429234     0.471295
    2.170347     1.896013     1.880908     1.195869     1.511118     1.786102     1.574747     2.591957     1.506009     1.210297     2.448790     1.300281     1.522390     1.223859     1.540690     2.030638     3.056604     1.019758     2.437565     1.785555     0.350806     2.646194     1.996737     1.851535     1.894645     1.501715     2.509283     2.473752     1.221819     1.808124     2.127981     1.905466     1.750690     1.193773     1.932084     2.687839     2.903181     1.542584     1.963305     1.732257     1.793555     1.594391     1.469312     0.927591     1.386715     1.404416     1.573809     1.801890     1.564264     1.961529     1.764780     2.626996     1.230137     1.409653     1.310936     1.651091     2.534434     2.004312     1.260038     2.113302     1.909148     1.253956     1.424283     1.932535     1.101716     1.576002     1.750880     2.377045     1.133379     1.502090     1.805401     2.082469     1.523527     1.922416     1.117906     2.037506     1.351466     1.492419     2.496382     1.553347     2.638714     2.531522     1.262462     1.588159     1.106308     1.554754     2.277346     2.517153     1.719599     1.704599     1.587922     2.291806     1.915287     1.157710     1.560366     0.341140     1.918165     1.728338     2.025679     0.669237     0.988179     1.231401     2.073746     1.642890     1.822245     1.497590     0.952180     1.542815     1.655436     1.631801     1.052909     1.646499     2.368429     1.778055     1.500113     1.969109     0.872996     2.088919     1.987950     1.447469     2.731229    -0.021925     0.216144     1.474278     1.698667     0.352628     0.176693     0.770983     1.290898     0.969758     0.233333     0.646807     0.514774     0.538841
    0.948056     0.830133     1.644123     0.588824     1.676746     1.498661     1.901583     2.078188     2.104067     1.055387     2.028857     2.157301     1.650048     2.596166     1.618942     1.451309     1.019758     2.550988     2.065086     1.557621     0.971604     1.932574     0.994414     1.992641     1.254052     1.543071     0.334683     0.410362     2.020971     1.409093     1.555730     0.688303     1.926840     1.678503     1.730147     1.783853     1.019079     1.844329     1.879374     1.866867     1.802296     1.715203     2.309405     2.090863     1.985419     1.948408     1.906842     1.869833     2.159034     1.689305     1.537419     1.989300     2.044767     2.314875     2.147953     2.031727     1.884352     1.414556     2.016680     1.642233     1.744694     2.258056     2.461216     2.063005     2.340031     1.875265     1.890452     1.869773     2.094042     2.084152     1.738087     1.786645     1.338533     1.665418     2.269282     0.462285     2.263607     2.464757     0.275413     2.188406     2.000288     2.007507     1.947396     1.986581     1.941207     2.194515     1.597737     0.418132     1.751224     1.912566     1.765369     1.309925     1.596819     2.262416     1.795156     0.962121     1.516802     1.770108     1.625635     0.553544     1.367012     2.625425     1.799962     1.665737     2.026835     1.890699     1.745162     1.674358     2.148974     1.762609     1.908480     1.386337     1.208838     1.400322     2.042049     2.192636     1.038088     2.149047     1.538452     2.175429     1.934746    -0.350598    -0.386389     1.743175     1.801814    -0.128187    -0.506534     0.062324     0.788239     0.263020    -0.196482     0.075347     0.215524    -0.008960
    2.910552     2.240031     3.835905     1.410677     3.731577     4.207280     3.830452     6.349570     2.476404     1.857258     6.176412     2.296194     2.632690     2.401978     3.438570     2.467474     2.437565     2.065086     6.336185     2.970707     0.820584     6.170290     2.675374     3.367598     2.439727     2.952703     2.167827     2.106772     2.376531     2.867100     2.615759     2.114517     3.016072     2.483885     4.631520     6.054118     2.366685     2.883526     4.059303     3.115725     3.700663     3.875743     3.295630     2.135762     3.276776     3.435542     3.570505     2.570717     2.847660     3.904922     3.851769     6.407708     2.347259     2.791006     2.520614     2.807260     6.133747     2.571317     2.489507     2.637855     4.046869     2.346908     2.503567     3.008542     2.103135     2.979264     3.082605     5.944528     2.374124     2.873808     3.877137     4.358533     3.179334     4.141591     2.169915     1.817531     2.456205     3.009422     2.226401     2.695781     6.490842     6.001551     2.252054     3.684106     2.058927     2.645992     2.944619     2.215765     4.031785     4.149285     3.682639     2.548015     3.972501     2.175514     3.753253     0.814089     4.031148     3.428652     2.842901     1.136272     2.005748     2.501813     4.210430     3.224710     2.889781     2.486757     1.753611     2.685683     2.901225     4.213181     2.331123     3.969674     2.510149     3.372057     2.791216     3.147472     1.296991     3.390656     2.526118     2.872900     6.067577    -0.377080     0.214455     3.516414     3.980280     0.194769    -0.285954     0.902860     2.429870     1.412452     0.155317     0.447737     0.287372     0.516048
    1.723471     1.418891     2.544644     0.827714     2.024909     2.099183     2.109494     2.993592     1.950553     1.251144     2.964105     1.640396     1.867339     1.668089     2.247042     2.044560     1.785555     1.557621     2.970707     2.443013     0.577266     2.927555     1.678909     2.351937     1.854923     2.155825     1.259996     1.248512     1.607053     2.001847     2.194791     1.511094     2.369744     1.737543     2.519154     2.810649     1.793356     2.166172     2.630027     2.292290     2.494429     2.385910     2.083554     1.535938     2.093659     2.096815     2.109360     2.066590     1.994187     2.606903     2.456938     2.990041     1.590228     1.943346     1.875486     2.232842     2.944862     1.989087     1.566087     2.214854     2.663503     1.702874     1.873114     2.366393     1.592697     2.142130     2.271760     2.820795     1.705506     1.898518     2.585559     2.620175     1.965387     2.459338     1.533768     1.240548     1.811755     2.046177     1.211931     1.957832     3.105284     3.060579     1.682918     2.161770     1.643648     1.949930     2.223826     1.283750     2.382265     2.324916     2.079758     1.955361     2.489299     1.536754     2.088376     0.569200     2.361361     2.407001     2.200731     0.703649     1.231935     1.832972     2.730952     2.270853     2.332091     1.797083     1.359162     1.994794     2.115689     2.094322     1.511557     1.895172     1.950851     2.343808     1.891970     2.467957     0.970461     2.475212     2.192866     1.931699     2.980468    -0.251661    -0.127020     2.219346     2.065705     0.058388    -0.315709     0.454093     1.557327     0.927069    -0.044081     0.413490     0.357295     0.211299
    0.374240     0.246221     0.635134     0.174173     0.731077     0.647564     0.754670     0.817877     0.820364     0.436003     0.780222     0.873482     0.688385     1.011953     0.647608     0.581013     0.350806     0.971604     0.820584     0.577266     0.834904     0.758678     0.332481     0.792210     0.489437     0.625151     0.148300     0.215453     1.031361     0.522331     0.664237     0.225381     0.837676     0.658949     0.629652     0.716271     0.324490     0.719820     0.720119     0.711831     0.722034     0.720435     0.970869     0.865614     0.814556     0.771875     0.778803     0.725601     0.835028     0.669468     0.640522     0.792447     0.855596     0.872405     0.880307     0.818050     0.744453     0.544752     0.851133     0.709491     0.686849     0.907790     0.952647     0.863266     0.936118     0.739399     0.702960     0.743935     0.855551     0.882426     0.697043     0.776476     0.546652     0.685199     0.937222     0.107876     0.888615     1.012028     0.135679     0.852144     0.787898     0.820538     0.780387     0.831813     0.754659     0.869576     0.645022     0.189980     0.701349     0.783389     0.710859     0.555173     0.637902     0.906940     0.730229     0.827711     0.614241     0.677805     0.642249     0.150371     0.483731     1.037515     0.720952     0.621831     0.900658     0.765122     0.725157     0.662262     0.837409     0.704979     0.967277     0.598669     0.437667     0.541520     0.862104     0.983350     0.843507     0.929301     0.650997     0.879135     0.749042    -0.203156    -0.248784     0.712676     0.741738    -0.130612    -0.276096    -0.036447     0.297398     0.092774    -0.088781    -0.009368     0.112781    -0.053579
    2.958171     2.185056     3.738398     1.473121     3.709660     4.240750     3.818469     6.371025     2.439330     2.033412     6.185067     2.197718     2.679777     2.284639     3.361727     2.466331     2.646194     1.932574     6.170290     2.927555     0.758678     6.423545     2.663462     3.379409     2.499591     2.851941     2.336020     2.317468     2.300453     2.921990     2.642458     2.126990     2.892847     2.452626     4.587020     6.282217     2.538023     2.855589     4.042306     3.097533     3.577818     3.838518     3.226155     1.972594     3.222327     3.459143     3.591441     2.534365     2.728406     3.908427     3.758064     6.560874     2.236993     2.749193     2.452580     2.810539     6.325011     2.639572     2.447311     2.626453     3.966962     2.262190     2.407435     2.929186     1.945262     2.967969     2.957381     5.951199     2.279549     2.755125     3.809795     4.325946     3.286606     4.063649     2.070694     2.017775     2.339646     2.977438     2.379992     2.772512     6.679381     6.126130     2.201448     3.750574     1.996266     2.730479     2.883677     2.464433     4.049178     4.079103     3.651016     2.557267     3.893938     2.057674     3.756305     0.745514     4.059284     3.419043     2.809831     1.136104     2.001147     2.313230     4.142710     3.155717     2.800583     2.390543     1.697700     2.613276     2.861271     4.177558     2.244750     4.006823     2.531658     3.420595     2.762849     3.031533     1.246819     3.340326     2.572006     2.731809     6.312558    -0.272592     0.276678     3.444683     4.039434     0.225697    -0.175702     1.003658     2.442814     1.519896     0.236882     0.619756     0.374082     0.539363
